      0.12716833      0.12717028      0.12717084      0.12435726      0.13060621
      0.13060702      0.13060773      0.13060838      0.13060916      0.13256605
      0.12713723      0.12713795      0.12713867      0.12713936      0.12714004
      0.12413975      0.13159676      0.12985674      0.13159823      0.13159896
      0.13159966      0.13160036      0.13078931      0.13078988      0.13079047
      0.13079113      0.13079172      0.13004670      0.13004737      0.13004806
      0.13004863      0.12701107      0.12827909      0.13209913      0.13209975
      0.13210039      0.13210107      0.13210177      0.13210225      0.13210296
      0.13200708      0.12905776      0.12905850      0.12905922      0.12905991
      0.12906058      0.12687490      0.13248599      0.13248661      0.13248731
      0.13248801      0.13248869      0.13248935      0.13248996      0.13249063
      0.13249135      0.13502580      0.13054303      0.13054382      0.13054454
      0.12779001      0.13078415      0.13078485      0.13078544      0.13078600
      0.13078664      0.13078720      0.13078798      0.13078868      0.13078937
      0.13079010      0.13079107      0.13079198      0.13079275      0.13079390
      0.13202476      0.13373332      0.13373402      0.13373471      0.13373540
      0.13373609      0.13373677      0.13373742      0.13373804      0.13373860
      0.13373912      0.13373960      0.13374007      0.13374054      0.13374105
      0.13387929      0.13542283      0.13542353      0.13542419      0.13542486
      0.13542552      0.13542616      0.13542681      0.13542752      0.13542826
      0.13542897      0.13542970      0.13543062      0.13543143      0.13543228
      0.13543267      0.13272131      0.13959850      0.14237662      0.13490652
      0.13490705      0.13490763      0.13490826      0.13490895      0.13490967
      0.13491041      0.13491115      0.13491188      0.13491259      0.13491330
      0.13491402      0.13296294      0.13849403      0.13849481      0.13849557
      0.13849632      0.13938922      0.13498133      0.13498197      0.13498266
      0.13498330      0.13498397      0.13498475      0.13498550      0.13498635
      0.13224517      0.13697850      0.13697908      0.13697959      0.13698020
      0.13698078      0.13698134      0.13698192      0.13698258      0.13698320
      0.13812697      0.13268243      0.13268314      0.13268405      0.13268485
      0.13268578      0.13268648      0.12965439      0.13486217      0.13486297
      0.13486375      0.13486452      0.13486529      0.13486602      0.13486671
      0.13486736      0.13486795      0.13486851      0.13582408      0.13003119
      0.12777733      0.13326842      0.13326909      0.13326978      0.13327049
      0.13327121      0.13327191      0.13327260      0.13327329      0.13327403
      0.13327474      0.13327548      0.13327623      0.13327703      0.13327782
      0.13327860      0.13327934      0.13320272      0.13397701      0.13397764
      0.13397827      0.13397891      0.13397956      0.13398022      0.13398089
      0.13398157      0.13398224      0.13398291      0.13398357      0.13398423
      0.13398491      0.13211978      0.14032723      0.13486099      0.13486186
      0.13486283      0.13486389      0.13486501      0.13486619      0.13486740
      0.13486863      0.13486979      0.13487093      0.13487206      0.13487319
      0.13487443      0.13487557      0.13487663      0.13150453      0.13787950
      0.14087458      0.13340569      0.13340653      0.13340737      0.13340820
      0.13340904      0.13340987      0.13341071      0.13341156      0.13341240
      0.13341323      0.13341405      0.13341485      0.13135106      0.13682804
      0.13987087      0.13657721      0.13657798      0.13657877      0.13657957
      0.13658036      0.13658114      0.13658189      0.13658258      0.13658323
      0.13658383      0.13658436      0.13658480      0.13658515      0.13658543
      0.13546822      0.13999772      0.13594803      0.13594785      0.13594762
      0.13594725      0.13594683      0.13594626      0.13594564      0.13594487
      0.13594402      0.13594306      0.13594198      0.13594075      0.13641559
      0.14107870      0.14326626      0.13852166      0.13851991      0.13851808
      0.13851614      0.13851411      0.13851196      0.13850986      0.13850766
      0.13850527      0.13850290      0.13850040      0.14419547      0.14945099
      0.14944419      0.14944155      0.15245945      0.14562161      0.14561882
      0.14561604      0.14561322      0.14561041      0.14576298      0.14068854
      0.14068566      0.14068286      0.14068020      0.14067728      0.14067465
      0.15161814      0.15736457      0.15735321      0.15735006      0.15734687
      0.15734367      0.15734048      0.15733731      0.15733416      0.15733101
      0.15732795      0.15732480      0.15732163      0.15731845      0.15731527
      0.15731209      0.15730912      0.15730593      0.15730271      0.17317788
      0.17166310      0.17165530      0.17165196      0.17164859      0.17164519
      0.17164176      0.17163832      0.17163487      0.17163144      0.17162803
      0.17162465      0.17162112      0.17161774      0.17161432      0.17161093
      0.17160751      0.17160409      0.18503494      0.18648861      0.18647829
      0.18647480      0.18647130      0.18646777      0.18646422      0.18646063
      0.18645702      0.18645338      0.18644972      0.18644606      0.18644240
      0.18643872      0.18643504      0.18923657      0.18621783      0.18621403
      0.18621025      0.18620646      0.18620269      0.18619892      0.18619515
      0.20491318      0.20490949      0.20490583      0.20490221      0.20489863
      0.20489508      0.20489155      0.20488804      0.20488456      0.20488111
      0.20487770      0.20487433      0.22541013      0.22540631      0.22540252
      0.22539855      0.22539468      0.22765160      0.22490159      0.22489748
      0.22489381      0.23843971      0.23843634      0.23843303      0.23842979
      0.23842658      0.23842340      0.23842018      0.24140303      0.26384753
      0.26876624      0.26521070      0.26520691      0.26520347      0.26520019
      0.26519682      0.26519366      0.26519053      0.27126751      0.27126394
      0.27126037      0.27125680      0.27125321      0.27451749      0.26641657
      0.26641293      0.29603007      0.30356858      0.30355862      0.30355487
      0.30355109      0.30354729      0.30354347      0.30353963      0.30168358
      0.30353193      0.30352805      0.30352414      0.30352019      0.30351621
      0.30351221      0.30350818      0.30350415      0.30350012      0.30681767
      0.33396614      0.34311383      0.33917688      0.33917402      0.33917091
      0.33916792      0.33916487      0.33916177      0.33915863      0.33915468
      0.33915115      0.33914778      0.34326750      0.34326324      0.34554518
      0.33914161      0.37025295      0.37774168      0.37773781      0.37773258
      0.37772875      0.37892591      0.37232968      0.37232589      0.37232218
      0.37231854      0.37231497      0.37231147      0.37889648      0.37889225
      0.37888804      0.37888385      0.37887967      0.38187651      0.37721778
      0.38474798      0.38472086      0.38471559      0.38471149      0.38470740
      0.38470333      0.38469928      0.38469525      0.38469123      0.38468722
      0.38468321      0.38467919      0.38467518      0.38467119      0.38770533
      0.41019562      0.41782127      0.41778972      0.41778522      0.41778143
      0.41777767      0.41777395      0.41777024      0.41776655      0.41776287
      0.41775922      0.41775561      0.41775205      0.41774854      0.41993143
      0.41431748      0.41431412      0.41431083      0.41430762      0.44554233
      0.44837581      0.44837347      0.45266636      0.45266341      0.45266059
      0.45265776      0.45265479      0.45265190      0.45540427      0.45240798
      0.45240515      0.45240245      0.45239979      0.45239708      0.45239451
      0.48724908      0.48732750      0.48732451      0.49440517      0.49440240
      0.49439969      0.49439713      0.49439419      0.49457142      0.48985709
      0.48985468      0.48985233      0.48985001      0.48984773      0.48984547
      0.48984326      0.52644075      0.52643722      0.52643328      0.52837821
      0.52837474      0.52837130      0.52836791      0.52836454      0.52836120
      0.52835788      0.52835455      0.53463337      0.53463118      0.53462902
      0.56255226      0.56254908      0.56323741      0.55771255      0.55770953
      0.55770657      0.55770366      0.55770076      0.55769789      0.55769505
      0.55769223      0.55768947      0.56904913      0.56904696      0.56904480
      0.59355859      0.59355605      0.59355352      0.59355100      0.59645598
      0.58943386      0.58943134      0.58942886      0.58942639      0.58942393
      0.58942148      0.61367692      0.61367495      0.61367302      0.61367112
      0.62467737      0.62467495      0.62467255      0.62467016      0.62466775
      0.62748174      0.62082121      0.62081873      0.62081624      0.62081373
      0.62081124      0.65059418      0.65190460      0.65190261      0.65190062
      0.65674587      0.65674343      0.65674081      0.65673826      0.65673574
      0.65940471      0.65287139      0.65286917      0.65286668      0.65286419
      0.70950361      0.70932865      0.70932667      0.70932472      0.70932276
      0.71740143      0.71739892      0.71739641      0.71739389      0.71739122
      0.71942695      0.71339538      0.71339293      0.71339037      0.71338782
      0.75496530      0.75496315      0.75496103      0.75495893      0.76650090
      0.76649830      0.76649567      0.76649301      0.76649032      0.76648739
      0.76908779      0.76233905      0.76233714      0.76233451      0.79743710
      0.79397641      0.79397428      0.79397225      0.79397023      0.82958141
      0.82957861      0.82957590      0.82957320      0.82957049      0.82956777
      0.82956497      0.83218619      0.82500934      0.85790755      0.85790540
      0.85790313      0.85790085      0.85789854      0.85789625      0.87311702
      0.87311432      0.87311159      0.87310892      0.87310619      0.87310339
      0.87310068      0.87309780      0.91452334      0.91015153      0.91014936
      0.91014724      0.91014489      0.93845689      0.93845415      0.93845138
      0.93844858      0.93844574      0.93844285      0.93843998      0.93843714
      0.93843432      0.95027385      0.95293254      0.94643741      0.94643513
      0.94643285      0.94643057       1.0010847       1.0010819       1.0010792
       1.0010765       1.0010736       1.0010710       1.0010683       1.0142638
       1.0142615       1.0142592       1.0166537       1.0108165       1.0108142
       1.0108120       1.0108098       1.0524673       1.0524642       1.0524612
       1.0524582       1.0524551       1.0784507       1.0784485       1.0784463
       1.0784440       1.0784416       1.0784394       1.0784369       1.0806152
       1.0741521       1.0741499       1.1189047       1.1237807       1.1152627
       1.1282901       1.1282878       1.1282856       1.1282833       1.1282811
       1.1282789       1.1282767       1.1282744       1.1282722       1.1311563
       1.1275576       1.1826899       1.1827058       1.1968508       1.1968486
       1.1968465       1.1968443       1.1968420       1.1968397       1.1968375
       1.1968352       1.1968328       1.1968304       1.1968281       1.1968258
       1.1968236       1.2577563       1.2671910       1.2671786       1.2699905
       1.2617827       1.2617804       1.2617782       1.2617760       1.2617738
       1.2617717       1.2617697       1.2617679       1.2617664       1.2617655
       1.2919410       1.3000901       1.3000809       1.3027986       1.2977938
       1.2978005       1.2978090       1.2978192       1.2978309       1.2978437
       1.2978571       1.2978708       1.2978844       1.2978977       1.2979106
       1.3627187       1.3720867       1.3720892       1.3746171       1.3694790
       1.3694916       1.3695059       1.3695217       1.3695393       1.3695585
       1.3695788       1.3696003       1.3696224       1.3696449       1.4290927
       1.4381631       1.4381770       1.4405906       1.4350029       1.4350250
       1.4350476       1.4350710       1.4350954       1.4351207       1.4351467
       1.4351736       1.4352012       1.4352292       1.4352576       1.5009103
       1.5106141       1.5106360       1.5131540       1.5097352       1.5097684
       1.5098029       1.5098376       1.5098724       1.5099072       1.5099413
       1.5099751       1.5100086       1.5100414       1.5749387       1.5844695
       1.5860530       1.5815242       1.5815583       1.5815936       1.5816295
       1.5816656       1.5817013       1.5817367       1.5817715       1.5818058
       1.5818396       1.5818723       1.6464725       1.6583427       1.6525776
       1.6526101       1.6526434       1.6526777       1.6527131       1.6527487
       1.6527843       1.6528197       1.6528547       1.6528893       1.6529233
       1.6529566       1.7176111       1.7272321       1.7272596       1.7297075
       1.7220011       1.7220363       1.7220724       1.7221088       1.7221452
       1.7221812       1.7222167       1.7222517       1.7222862       1.7223201
       1.7873001       1.7969574       1.7969860       1.7970201       1.7970553
       1.7970912       1.7971281       1.8000843       1.7964593       1.7964953
       1.7965312       1.7965666       1.7966014       1.7966358       1.8639394
       1.8738116       1.8738410       1.8738762       1.8739155       1.8739552
       1.8739972       1.8740367       1.8760679       1.8715120       1.8715505
       1.8715874       1.8716239       1.8716594       1.9396653       1.9496313
       1.9496668       1.9496983       1.9497372       1.9497759       1.9521872
       1.9480092       1.9480491       1.9480879       1.9481262       1.9481637
       1.9482003       1.9482360       2.0210452       2.0312952       2.0313375
       2.0313730       2.0335070       2.0289936       2.0290213       2.0290474
       2.0290726       2.0290961       2.0291189       2.0291409       2.0291621
       2.0291826       2.1017559       2.1116593       2.1116871       2.1132491
       2.1075247       2.1075471       2.1075684       2.1075896       2.1076103
       2.1076303       2.1076497       2.1076681       2.1076863       2.1093706
       2.1050855       2.1837796       2.1939631       2.1939888       2.1940101
       2.1940299       2.1940492       2.1940678       2.1940863       2.1959361
       2.1911346       2.1911528       2.1911697       2.1911861       2.1912021
       2.2706284       2.2805238       2.2805487       2.2805689       2.2805874
       2.2806059       2.2806241       2.2806424       2.2806605       2.2806781
       2.2806956       2.2834166       2.2770020       2.2770184       2.2770340
       2.3622839       2.3720383       2.3720639       2.3720840       2.3721026
       2.3721210       2.3721391       2.3721570       2.3721747       2.3721920
       2.3722087       2.3722251       2.3741759       2.3671755       2.4411616
       2.4499913       2.4500161       2.4500359       2.4500542       2.4500723
       2.4500902       2.4501077       2.4501251       2.4501421       2.4501587
       2.4501750       2.4501909       2.4527600       2.4463428       2.5196595
       2.5284425       2.5284670       2.5284867       2.5285050       2.5285231
       2.5285413       2.5285594       2.5285775       2.5285954       2.5286128
       2.5286299       2.5286468       2.5311962       2.5247299       2.5997196
       2.6085721       2.6085970       2.6086171       2.6086355       2.6086532
       2.6086707       2.6086879       2.6087047       2.6087212       2.6087374
       2.6087532       2.6084441       2.6035855       2.6036010       2.6799486
       2.6890407       2.6890649       2.6890844       2.6891026       2.6891205
       2.6891385       2.6891566       2.6891746       2.6891922       2.6829619
       2.6778233       2.6778440       2.6778604       2.7547456       2.7636923
       2.7637182       2.7637395       2.7637592       2.7637787       2.7637980
       2.7638168       2.7638357       2.7638544       2.7638726       2.7638908
       2.7639088       2.7518215       2.7454438       2.8250647       2.8344196
       2.8344473       2.8344701       2.8344915       2.8345127       2.8345338
       2.8345547       2.8345754       2.8345960       2.8346161       2.8346360
       2.8346554       2.8346746       2.9150387       2.9244020       2.9244306
       2.9244544       2.9244766       2.9134621       2.9063899       2.9064145
       2.9064354       2.9064561       2.9064765       2.9064967       2.9065165
       2.9065361       2.9870116       2.9964597       2.9964894       2.9965142
       2.9965373       2.9965598       2.9965825       2.9966051       2.9966273
       2.9966493       2.9966708       2.9966920       2.9826262       2.9766412
       2.9766644       3.0608567       3.0704971       3.0705272       3.0705518
       3.0705745       3.0705967       3.0706184       3.0706398       3.0706610
       3.0706818       3.0707023       3.0707225       3.0707422       3.0707616
       3.1540234       3.1635856       3.1636155       3.1335437       3.1264631
       3.1264873       3.1265093       3.1265311       3.1265525       3.1265735
       3.1265941       3.1266143       3.1266342       3.1266536       3.2100394
       3.2195722       3.2196023       3.2196269       3.2196496       3.2196718
       3.1927440       3.1853119       3.1853370       3.1853576       3.1853779
       3.1853980       3.1854177       3.1854372       3.2668052       3.2760268
       3.2760569       3.2760816       3.2761046       3.2761271       3.2761490
       3.2761708       3.2761921       3.2465924       3.2390709       3.2390976
       3.2391177       3.2391375       3.3207771       3.3299803       3.3300109
       3.3300360       3.3300594       3.3300822       3.3301045       3.3301265
       3.3301483       3.3301696       3.3301906       3.3302114       3.3302318
       3.3302519       3.3790738       3.3789230       3.3789585       3.3789837
       3.3790071       3.3790300       3.3790524       3.3790745       3.3790964
       3.3791179       3.3791391       3.3791600       3.3791807       3.3792010
       3.4610271       3.4702379       3.4391534       3.4304795       3.4305085
       3.4305314       3.4305539       3.4305761       3.4305980       3.4306195
       3.4306407       3.4306616       3.4306822       3.4307024       3.5142658
       3.5236501       3.5236865       3.5237151       3.5237398       3.5237624
       3.5209816       3.5134674       3.5135100       3.5135303       3.5135493
       3.5135681       3.5135867       3.5136050       3.5974587       3.6068712
       3.6069061       3.6069333       3.6069566       3.6069778       3.6069976
       3.6070165       3.5794539       3.5718423       3.5718878       3.5719061
       3.5719235       3.5719407       3.6548219       3.6641158       3.6641491
       3.6641747       3.6641966       3.6642164       3.6642349       3.6642526
       3.6642698       3.6642866       3.6643031       3.6643195       3.6643358
       3.6331140       3.6259807       3.7120135       3.7217375       3.7217698
       3.7217942       3.7218147       3.7218331       3.7218503       3.7218667
       3.7218826       3.7218983       3.7219138       3.7219293       3.7219446
       3.8029108       3.7771810       3.7700303       3.7700647       3.7700840
       3.7701030       3.7701217       3.7701404       3.7701589       3.7701772
       3.7701952       3.7702129       3.7702304       3.7702476       3.7702644
       3.8554209       3.8650656       3.8271929       3.8180127       3.8180473
       3.8180663       3.8180840       3.8181010       3.8181175       3.8181338
       3.8181499       3.8181660       3.8181820       3.8181978       3.9024004
       3.9118411       3.8806848       3.8732713       3.8733054       3.8733239
       3.8733410       3.8733575       3.8733735       3.8733893       3.8734049
       3.8734206       3.8734362       3.8734516       3.8734668       3.9599039
       3.9696751       3.9305686       3.9214810       3.9215155       3.9215336
       3.9215504       3.9215665       3.9215823       3.9215979       3.9216133
       3.9216287       3.9216440       3.9216590       4.0072829       4.0168690
       4.0169009       3.9843561       3.9766812       3.9767128       3.9767295
       3.9767456       3.9767613       3.9767768       3.9767922       3.9768076
       3.9768230       3.9768382       3.9768531       4.0640117       4.0738138
       4.0738461       4.0236508       4.0142516       4.0142811       4.0142978
       4.0143139       4.0143296       4.0143451       4.0143604       4.0143756
       4.0143906       4.0144053       4.1000773       4.1096755       4.1097075
       4.1097314       4.0694304       4.0600391       4.0600689       4.0600851
       4.0601010       4.0601166       4.0601322       4.0601476       4.0601629
       4.0601780       4.1447097       4.1542048       4.1542370       4.1542612
       4.1222631       4.1145683       4.1145970       4.1146134       4.1146295
       4.1146454       4.1146611       4.1146767       4.1146921       4.1147072
       4.1147221       4.2016229       4.2114090       4.2114415       4.2114655
       4.1528743       4.1435898       4.1436184       4.1436342       4.1436495
       4.1436644       4.1436792       4.1436938       4.1437083       4.1437228
       4.2291123       4.2387334       4.2387657       4.2387897       4.2388100
       4.1942767       4.1847768       4.1848047       4.1848208       4.1848366
       4.1848521       4.1848675       4.1848827       4.1848977       4.2697144
       4.2792563       4.2792890       4.2793132       4.2468750       4.2391859
       4.2392162       4.2392327       4.2392489       4.2392649       4.2392807
       4.2392965       4.2393120       4.2393273       4.3245559       4.3341069
       4.3341399       4.3341644       4.3341849       4.2753807       4.2663576
       4.2663850       4.2664006       4.2664158       4.2664308       4.2664456
       4.2664603       4.2664750       4.2664895       4.3534929       4.3633558
       4.3633887       4.3634129       4.3634332       4.3049673       4.2958029
       4.2958305       4.2958462       4.2958617       4.2958769       4.2958920
       4.2959070       4.2959217       4.3652987       4.3652792       4.3652649
       4.3925195       4.3925400       4.3925583       4.3478184       4.3384309
       4.3384586       4.3384744       4.3384900       4.3385054       4.3385207
       4.3385358       4.4072461       4.3982012       4.3981820       4.4342579
       4.4342785       4.4342968       4.3742669       4.3650191       4.3650459
       4.3650614       4.3650766       4.3650915       4.3651064       4.3651212
       4.4508981       4.4302600       4.4605785       4.4606029       4.4606234
       4.4606416       4.4606587       4.3997400       4.3903174       4.3903430
       4.3903581       4.3903731       4.3903879       4.3904027       4.4762732
       4.4859217       4.4859547       4.4859790       4.4859990       4.4860165
       4.4860322       4.4558706       4.4477350       4.4477573       4.4477669
       4.4477748       4.4477808       4.4477848       4.5338097       4.5420407
       4.5434724       4.5434813       4.5434857       4.5434880       4.5434893
       4.5434901       4.4786952       4.4693401       4.4693502       4.4693509
       4.4693514       4.4693508       4.5552438       4.5557517       4.5557311
       4.5649071       4.5649047       4.5648991       4.5648915       4.5648827
       4.5054480       4.4963904       4.4963891       4.4963796       4.4963701
       4.4963603       4.4963498       4.5710098       4.5710022       4.5709952
       4.5952202       4.5928658       4.5834152       4.5834136       4.5834090
       4.5295293       4.5198375       4.5198276       4.5198093       4.5197895
       4.5833723       4.5833672       4.5833626       4.5833585       4.5833546
       4.6125213       4.6125016       4.6124816       4.6037195       4.5475768
       4.5380583       4.5380443       4.5380239       4.5380020       4.5379788
       4.5937902       4.5937863       4.5937829       4.5937798       4.5937770
       4.6363531       4.6363331       4.6363128       4.5717247       4.5621518
       4.5621369       4.5621162       4.5620947       4.6087923       4.6087903
       4.6087880       4.6087856       4.6087831       4.6087805       4.6087778
       4.6550254       4.6550047       4.5903624       4.5807536       4.5807382
       4.5807170       4.5806947       4.5806715       4.6179857       4.6179822
       4.6179788       4.6179756       4.6179725       4.6179697       4.6179671
       4.6793648       4.6143970       4.6047515       4.6047346       4.6047122
       4.6046887       4.6644370       4.6644318       4.6644073       4.6507558
       4.6403799       4.6403745       4.6403719       4.6403703       4.6403683
       4.6309204       4.6210600       4.6210423       4.6210189       4.6209912
       4.6731352       4.6731164       4.6752457       4.6703980       4.6602600
       4.6602550       4.6602521       4.6602503       4.6602483       4.6491315
       4.7689390       4.7689513       4.7994597       4.7994810       4.7995022
       4.7995221       4.7995383       4.7995464       4.7897349       4.7597763
       4.7597974       4.7598194       4.7598422       4.7598657       4.7598897
       4.7599138       4.7599373       4.7798133       4.7798355       4.7798571
       4.7798770       4.7798928       4.7798996       4.7706084       4.7345130
       4.7345058       4.7413486       4.7413705       4.7464454       4.7464703
       4.7629360       4.7629527       4.7629695       4.7629847       4.7629967
       4.7630001       4.7532065       4.6642736       4.6642985       4.7299415
       4.7299617       4.7304149       4.7304399       4.7304653       4.7433376
       4.7433598       4.7433821       4.7434036       4.7434233       4.7434389
       4.7434458       4.7341718       4.7182348       4.7182529       4.7188964
       4.7189213       4.7189467       4.7189723       4.7232932       4.7233139
       4.7233341       4.7233527       4.7233672       4.7233733       4.7135208
       4.7065561       4.7065743       4.7065934       4.7066131       4.7110265
       4.7110502       4.7110742       4.7110978       4.7111198       4.7111380
       4.7111471       4.7019340       4.6995425       4.6995467       4.6941435
       4.6941633       4.6941837       4.7036150       4.7036382       4.7036618
       4.7036849       4.7037063       4.7037240       4.7037330       4.6941006
       4.6778358       4.6815403       4.6815608       4.6815823       4.6816044
       4.6816290       4.6901189       4.6901410       4.6901635       4.6901857
       4.6902065       4.6902235       4.6902318       4.6805926       4.6685569
       4.6685770       4.6685987       4.6686210       4.6686457       4.6686845
       4.6746738       4.6746955       4.6747176       4.6747394       4.6747598
       4.6747765       4.6747845       4.6651610       4.6547572       4.6547777
       4.6547979       4.6548197       4.6548542       4.6549118       4.6583452
       4.6583659       4.6583869       4.6584076       4.6584268       4.6584421
       4.6584491       4.6488617       4.6367067       4.6367242       4.6367429
       4.6367740       4.6368280       4.6278070       4.6423775       4.6423957
       4.6424144       4.6424329       4.6424503       4.6424642       4.6424697
       4.6329477       4.6179191       4.6179327       4.6179578       4.6180052
       4.6090002       4.5581353       4.6257342       4.6257496       4.6257638
       4.6257760       4.6257850       4.6257888       4.6257822       4.6162555
       4.5988112       4.5988093       4.5988289       4.5898060       4.5323787
       4.5415395       4.6025871       4.6025993       4.6026111       4.6026213
       4.6026284       4.6026295       4.6026187       4.5929206       4.5786432
       4.5786582       4.5696357       4.5563449       4.5172784       4.5847876
       4.5847735       4.5847583       4.5847418       4.5847237       4.5847031
       4.5846783       4.5846443       4.5749373       4.5587271       4.5497086
       4.5420564       4.5323943       4.4892490       4.4982985       4.5579993
       4.5579822       4.5579645       4.5579460       4.5579262       4.5579044
       4.5578787       4.5578444       4.5485130       4.5150809       4.5150478
       4.5052193       4.4665849       4.4752656       4.5354703       4.5354518
       4.5354325       4.5354117       4.5353888       4.5353621       4.5353266
       4.5259883       4.4884600       4.4884393       4.4884142       4.4883800
       4.4789430       4.4522735       4.4924137       4.4923927       4.4923716
       4.4923502       4.4923284       4.4923049       4.4922748       4.4829751
       4.4511967       4.4511763       4.4511519       4.4511189       4.4415743
       4.4695496       4.4695293       4.4695088       4.4694881       4.4694672
       4.4694458       4.4694228       4.4693932       4.4601335       4.4254357
       4.4254157       4.4253917       4.4253590       4.4156298       4.4457204
       4.4457007       4.4456809       4.4456611       4.4456413       4.4456211
       4.4455993       4.4455711       4.4363031       4.3772324       4.3772140
       4.3771932       4.3771682       4.3771343       4.3919639       4.3994657
       4.3994573       4.3994730       4.3918886       4.3918661       4.3918398
       4.3918049       4.3823202       4.3135231       4.3521495       4.3521289
       4.3521044       4.3520717       4.3667690       4.3667491       4.3779745
       4.3689948       4.3666887       4.3666680       4.3666455       4.3666167
       4.3573699       4.2923461       4.2923244       4.3114675       4.3114426
       4.3114091       4.3018657       4.3142710       4.3192357       4.3142325
       4.3142131       4.3141934       4.3141721       4.3141447       4.3048537
       4.2425779       4.2425562       4.2832547       4.2832301       4.2831972
       4.2735868       4.2748168       4.2747992       4.2747809       4.2747613
       4.2831459       4.2831258       4.2831009       4.2830910       4.2749531
       4.1924403       4.1942569       4.2238367       4.2238033       4.2140221
       4.2196512       4.2196327       4.2196134       4.2195927       4.2195698
       4.2388600       4.2388347       4.2388218       4.2304331       4.1429287
       4.1429201       4.1758322       4.1758064       4.1757724       4.1777041
       4.1776838       4.1776634       4.1776426       4.1776214       4.1775982
       4.1913664       4.1913493       4.1825413       4.0921762       4.0921916
       4.1232382       4.1232040       4.1133010       4.0946643       4.1270173
       4.1269968       4.1269758       4.1269543       4.1269308       4.1521835
       4.1521571       4.1428986       4.0488077       4.0487932       4.0487785
       4.0487637       4.0675053       4.0578743       4.0785765       4.0785556
       4.0785343       4.0785127       4.0784895       4.0784602       4.1142545
       4.1047761       4.0067516       4.0067365       4.0067211       4.0067056
       4.0066898       4.0066739       4.0066578       4.0066416       4.0066249
       4.0286595       4.0286237       4.0191484       4.0169592       4.0843041
       4.0842796       4.0748955       3.9834122       3.9833958       3.9833791
       3.9833619       3.9833444       3.9833263       3.9833078       3.9832889
       3.9832696       3.9832499       3.9832301       3.9832101       3.9831734
       3.9902371       4.0321367       4.0321165       4.0320945       4.0320812
       4.0232910       3.9388110       3.9387949       3.9387786       3.9387622
       3.9387458       3.9387293       3.9387127       3.9386957       3.9386782
       3.9386595       3.9386388       3.9386114       3.9385612       3.9388382
       3.8484506       3.8484352       3.8484195       3.8484034       3.8483872
       3.8483707       3.8483541       3.8483375       3.8483207       3.8483039
       3.8482867       3.8482691       3.8482508       3.8482313       3.8482097
       3.8481769       3.8613384       3.9252306       3.8383074       3.8382910
       3.8382745       3.8382578       3.8382411       3.8382243       3.8382073
       3.8381900       3.8381722       3.8381537       3.8381338       3.8381119
       3.8380857       3.8380679       3.8288876       3.7434781       3.7434609
       3.7434434       3.7434256       3.7433932       3.7509205       3.7826505
       3.7826313       3.7826117       3.7825920       3.7825719       3.7825514
       3.7825287       3.7825161       3.7734511       3.6904704       3.6904538
       3.6904371       3.6904202       3.6904031       3.6903858       3.6903530
       3.6977226       3.7303294       3.7303087       3.7302858       3.7302587
       3.7302389       3.7207627       3.6349737       3.6349555       3.6349371
       3.6349183       3.6348991       3.6348795       3.6348595       3.6348391
       3.6348183       3.6347860       3.6422987       3.6765072       3.6764832
       3.6764646       3.6668210       3.5820124       3.5819941       3.5819754
       3.5819563       3.5819369       3.5819170       3.5818969       3.5818766
       3.5818561       3.5818354       3.5818144       3.5817919       3.5817689
       3.5720162       3.4867681       3.4867450       3.4940949       3.5272546
       3.5272378       3.5272208       3.5272034       3.5271852       3.5271657
       3.5271440       3.5271184       3.5270871       3.5167664       3.4219080
       3.4218917       3.4218752       3.4218584       3.4218414       3.4218241
       3.4218065       3.4217886       3.4217704       3.4217519       3.4217331
       3.4217072       3.4284174       3.4379875       3.4379671       3.4379455
       3.4379220       3.4378946       3.4378633       3.4281785       3.3385702
       3.3385516       3.3385327       3.3385132       3.3384932       3.3384728
       3.3384521       3.3384311       3.3384102       3.3383847       3.3439551
       3.3567899       3.3567684       3.3567450       3.3567248       3.3473190
       3.2624104       3.2623920       3.2623731       3.2623538       3.2623342
       3.2623142       3.2622940       3.2622737       3.2622532       3.2622325
       3.2622118       3.2621909       3.2621615       3.2678879       3.2788150
       3.2694158       3.1865464       3.1865283       3.1865097       3.1864908
       3.1864716       3.1864522       3.1864327       3.1864129       3.1863930
       3.1863731       3.1863529       3.1863325       3.1863102       3.1862873
       3.1819607       3.1036897       3.1036724       3.1036548       3.1036369
       3.1036188       3.1036006       3.1035819       3.1035630       3.1035439
       3.1035247       3.1035054       3.1034860       3.1034647       3.1081076
       3.1085660       3.0989864       3.0154066       3.0153906       3.0153743
       3.0153578       3.0153412       3.0153244       3.0153075       3.0152903
       3.0152729       3.0152555       3.0152378       3.0195120       3.0183748
       3.0183581       3.0087008       2.9244046       2.9243903       2.9243757
       2.9243608       2.9243456       2.9243302       2.9243144       2.9242983
       2.9242818       2.9242651       2.9242481       2.9242309       2.9242133
       2.9296701       2.9275897       2.9180123       2.8357200       2.8357058
       2.8356911       2.8356761       2.8356606       2.8356448       2.8356287
       2.8356122       2.8355954       2.8355786       2.8355615       2.8355442
       2.8418992       2.8385092       2.8288428       2.7459421       2.7459284
       2.7459140       2.7458993       2.7458841       2.7458685       2.7458525
       2.7458362       2.7458195       2.7458026       2.7457857       2.7457685
       2.7457510       2.7457319       2.7514772       2.7400046       2.6596171
       2.6596024       2.6595872       2.6595715       2.6595553       2.6595386
       2.6595215       2.6595043       2.6594870       2.6594696       2.6594521
       2.6594345       2.6657294       2.6629064       2.6533363       2.5731345
       2.5731198       2.5731044       2.5730886       2.5730722       2.5730554
       2.5730384       2.5730212       2.5730039       2.5729866       2.5729692
       2.5729516       2.5729323       2.5729125       2.5686773       2.4863154
       2.4863004       2.4862849       2.4862689       2.4862525       2.4862357
       2.4862188       2.4862016       2.4861844       2.4861670       2.4861495
       2.4861317       2.4913194       2.4882657       2.4782456       2.3970303
       2.3970152       2.3969997       2.3969836       2.3969672       2.3969506
       2.3969337       2.3969168       2.3968999       2.3968828       2.3968655
       2.3968468       2.3968253       2.3866700       2.3096214       2.3068649
       2.3068501       2.3068347       2.3068191       2.3068032       2.3067872
       2.3067714       2.3067557       2.3067399       2.3067242       2.3067071
       2.3066869       2.2962957       2.2180397       2.2160748       2.2160613
       2.2160472       2.2160329       2.2160181       2.2160031       2.2159878
       2.2159721       2.2159562       2.2159401       2.2159238       2.2159074
       2.2158909       2.2158743       2.2227340       2.2200035       2.2199824
       2.2099452       2.1263162       2.1263020       2.1262874       2.1262723
       2.1262569       2.1262412       2.1262251       2.1262087       2.1261920
       2.1261750       2.1261579       2.1261405       2.1310849       2.1283860
       2.1283663       2.1283449       2.1186411       2.0386317       2.0386162
       2.0386005       2.0385845       2.0385681       2.0385514       2.0385344
       2.0385170       2.0384995       2.0384817       2.0450257       2.0429773
       2.0429576       2.0429353       2.0330172       1.9512265       1.9512106
       1.9511944       1.9511778       1.9511608       1.9511433       1.9511253
       1.9511068       1.9510878       1.9510683       1.9540418       1.9512663
       1.9512457       1.9512245       1.9512014       1.9511762       1.9417114
       1.8633421       1.8633230       1.8633032       1.8632824       1.8632607
       1.8632379       1.8632138       1.8687990       1.8665863       1.8665585
       1.8665298       1.8664985       1.8664643       1.8664256       1.8570723
       1.7794505       1.7794171       1.7793827       1.7793472       1.7793105
       1.7792728       1.7792339       1.7842811       1.7812033       1.7811640
       1.7811264       1.7810899       1.7810586       1.7810250       1.7718399
       1.6974997       1.6974662       1.6974319       1.6973970       1.6973614
       1.6973252       1.6972885       1.6972514       1.7046707       1.7016327
       1.7015968       1.7015616       1.7015313       1.7014980       1.6925157
       1.6193029       1.6192704       1.6192371       1.6192032       1.6191688
       1.6191337       1.6190982       1.6190626       1.6190270       1.6189918
       1.6189576       1.6189241       1.6252944       1.6229756       1.6139298
       1.5411159       1.5410845       1.5410526       1.5410201       1.5409870
       1.5409536       1.5409199       1.5408861       1.5408524       1.5408193
       1.5407872       1.5407562       1.5464377       1.5430845       1.5340268
       1.4615335       1.4615043       1.4614744       1.4614439       1.4614128
       1.4613810       1.4613488       1.4613162       1.4612835       1.4612514
       1.4612205       1.4611911       1.4611651       1.4611334       1.4519628
       1.3790784       1.3790508       1.3790226       1.3870912       1.3837942
       1.3837647       1.3837350       1.3837051       1.3836754       1.3836461
       1.3836180       1.3835914       1.3835673       1.3835351       1.3743207
       1.3016338       1.3016082       1.3015821       1.3060574       1.3030444
       1.3030169       1.3029892       1.3029612       1.3029336       1.3029067
       1.3028812       1.3028573       1.3028352       1.3028036       1.2939415
       1.2248836       1.2248600       1.2248357       1.2248110       1.2310389
       1.2283602       1.2283358       1.2283124       1.2282904       1.2282703
       1.2282523       1.2282363       1.2282139       1.2190327       1.1502706
       1.1502591       1.1502495       1.1502419       1.1502362       1.1502323
       1.1502301       1.1571447       1.1547542       1.1547553       1.1547570
       1.1547591       1.1547619       1.1547637       1.1456871       1.0780781
       1.0780804       1.0780826       1.0780848       1.0780870       1.0780891
       1.0780911       1.0780932       1.0780953       1.0843459       1.0808825
       1.0808846       1.0808867       1.0808882       1.0719608       1.0102842
       1.0102864       1.0102887       1.0102910       1.0102934       1.0102957
       1.0102980       1.0103003       1.0103026       1.0103049       1.0103072
       1.0103094       1.0103117       1.0103135       1.0101327      0.97616129
      0.97616364      0.97616569      0.97616774      0.97616989      0.97617236
      0.97617426      0.97617621      0.97617827      0.97618022      0.97618228
      0.97618428      0.96657328      0.90031304      0.90598870      0.90385649
      0.90385867      0.90386095      0.90386337      0.90386576      0.90386785
      0.90386998      0.90387225      0.90387427      0.90387636      0.90387842
      0.90388055      0.89381057      0.83076960      0.83531222      0.83244398
      0.83244592      0.83244784      0.83244973      0.83245171      0.83245361
      0.83245562      0.83245767      0.83245963      0.83246158      0.83246354
      0.82167322      0.76795101      0.76795297      0.76795494      0.77437690
      0.77195322      0.77195516      0.77195717      0.77195910      0.77196104
      0.77196302      0.77196495      0.77196696      0.77196891      0.77197156
      0.76291301      0.72031263      0.72031471      0.72031681      0.72031894
      0.72515193      0.72280809      0.72281056      0.72281268      0.72281483
      0.72281707      0.72281930      0.72282161      0.72282400      0.72282870
      0.71244130      0.67261211      0.67261446      0.67261684      0.67750810
      0.67445979      0.67446208      0.67446443      0.67446682      0.67446911
      0.67447143      0.67447385      0.67447628      0.67448410      0.66385091
      0.61422892      0.61423155      0.61423423      0.61423698      0.61423978
      0.61424261      0.62036790      0.61768062      0.61768366      0.61768648
      0.61768938      0.61769223      0.61769516      0.61770652      0.60724198
      0.55203978      0.55204310      0.55204632      0.55204963      0.55205296
      0.55205635      0.55205981      0.55762724      0.55544038      0.55544395
      0.55544763      0.55545113      0.55545461      0.55546867      0.54505149
      0.47768455      0.47768818      0.47769166      0.47769521      0.47769875
      0.47770233      0.47770593      0.48345786      0.48149599      0.48149968
      0.48150350      0.48150711      0.48151078      0.48151457      0.48151862
      0.48153901      0.47445912      0.44392597      0.44393079      0.44393558
      0.44394035      0.44394512      0.44395247      0.44397995      0.43779350
      0.43498838      0.43499288      0.43499654      0.43500021      0.43500391
      0.43500766      0.43501129      0.43501497      0.43502104      0.43505217
      0.43834103      0.43543281      0.42908354      0.42334819      0.42335205
      0.42335610      0.42335970      0.42336344      0.42336703      0.42337065
      0.42337415      0.42337770      0.42338126      0.42338471      0.42338814
      0.42768987      0.42536239      0.42158284      0.42158771      0.42159257
      0.42161015      0.42205212      0.39453332      0.39453778      0.39991462
      0.39736291      0.39736730      0.39737172      0.39737628      0.39738060
      0.39738496      0.39738939      0.39739387      0.39739814      0.39740244
      0.39740673      0.39741095      0.39741716      0.39524254      0.36056868
      0.36057339      0.36057757      0.36058193      0.36058610      0.36059032
      0.36059470      0.36059885      0.36060299      0.36060713      0.36061136
      0.36061547      0.36061961      0.36572513      0.36281062      0.36281490
      0.36281978      0.35482959      0.34982870      0.34985142      0.34192254
      0.32437565      0.32437972      0.32438375      0.32438777      0.32439178
      0.32439578      0.32439979      0.32440379      0.33060988      0.32833030
      0.32833430      0.32833843      0.32834242      0.32834683      0.32049969
      0.31751302      0.30921264      0.29142734      0.29143112      0.29143485
      0.29143853      0.29144216      0.29144575      0.29144930      0.29735481
      0.29535117      0.29535464      0.29535836      0.29536166      0.29536495
      0.29536834      0.28828994      0.27578670      0.27086022      0.27086302
      0.27086577      0.27086837      0.27087091      0.27592139      0.27337804
      0.27338039      0.27338268      0.27338506      0.27338713      0.27338917
      0.27339125      0.27339382      0.27339587      0.27339801      0.27340022
      0.26603250      0.26603664      0.26604942      0.25869897      0.24566441
      0.24566741      0.24567011      0.24567301      0.24567619      0.24567990
      0.24568293      0.24568606      0.24568922      0.24569241      0.24569539
      0.24569789      0.25112988      0.24952761      0.24953081      0.24233516
      0.24178044      0.23487431      0.22853238      0.22853434      0.22853633
      0.22853841      0.22854001      0.22921190      0.22854352      0.23297236
      0.23085703      0.23085838      0.23085988      0.23086167      0.23086285
      0.23086400      0.23086517      0.23086650      0.22720185      0.22720363
      0.22720525      0.22721141      0.22701471      0.21169824      0.21170031
      0.21170209      0.21170407      0.21170616      0.21170841      0.21171094
      0.21171358      0.21171650      0.21171945      0.21631678      0.21432947
      0.21433331      0.21160157      0.21305127      0.20063037      0.20062935
      0.20062825      0.20062712      0.20062597      0.20062480      0.20062361
      0.20062242      0.20062120      0.20061998      0.20161200      0.20061767
      0.20061659      0.19566532      0.18782973      0.19484870      0.19194074
      0.19194043      0.19194020      0.19194026      0.19194049      0.19194011
      0.19193958      0.19194025      0.19194108      0.19194195      0.19194276
      0.19194349      0.19194412      0.19194466      0.19194540      0.18644537
      0.19468978      0.19206732      0.19206756      0.19206775      0.19206789
      0.19206799      0.19206805      0.19206808      0.19206807      0.19206806
      0.19206805      0.19206804      0.19206806      0.19206842      0.18685767
      0.18733879      0.18733890      0.19451611      0.19218319      0.19218309
      0.19218342      0.19218360      0.19218386      0.19218396      0.19218412
      0.19218427      0.19218444      0.19218463      0.19218473      0.19218480
      0.18728901      0.18961312      0.18961317      0.18961321      0.18961290
      0.19644997      0.19366696      0.19366697      0.19366707      0.19366684
      0.19366664      0.19366656      0.19366681      0.19366652      0.19366631
      0.18786148      0.19033106      0.19033098      0.19033090      0.19033071
      0.19033043      0.19032991      0.19707870      0.19506913      0.19506915
      0.19506875      0.19506836      0.19506799      0.19506763      0.19506724
      0.18790276      0.19110366      0.19110312      0.19110285      0.19110250
      0.19110211      0.19110171      0.19110019      0.19743465      0.19502806
      0.19502768      0.19502736      0.19502719      0.19502673      0.19502628
      0.19502584      0.19502544      0.18821464      0.19041989      0.19041958
      0.19041921      0.19041881      0.19041806      0.19581580      0.19321228
      0.19321194      0.19321181      0.19321138      0.19321098      0.19321059
      0.19321023      0.19320985      0.19320958      0.19320907      0.18578766
      0.18900608      0.18900562      0.18900520      0.19487765      0.19221941
      0.19221919      0.19221916      0.19221878      0.19221842      0.19221816
      0.19221821      0.19221774      0.19221732      0.19221695      0.19221655
      0.19221617      0.18565521      0.19402847      0.19147196      0.19147153
      0.19147093      0.19147068      0.19147024      0.19146986      0.19146959
      0.19146940      0.19146902      0.19146868      0.19146832      0.19146789
      0.19146745      0.19735367      0.18903771      0.19108508      0.19108469
      0.19108449      0.19108413      0.19108382      0.19108366      0.19108326
      0.19108283      0.19108240      0.19108203      0.19108156      0.19108114
      0.19618210      0.19326302      0.19326272      0.18618067      0.18945880
      0.18945849      0.18945797      0.18945734      0.18945690      0.18945639
      0.18945591      0.18945544      0.18945500      0.18945453      0.18945412
      0.18945371      0.19565539      0.19337139      0.19337099      0.19337071
      0.18791302      0.18980963      0.18980921      0.18980879      0.18980841
      0.18980804      0.18980758      0.18980714      0.18980668      0.18980619
      0.18980574      0.18980530      0.19570688      0.19369935      0.18774077
      0.19040290      0.19040241      0.19040190      0.19040166      0.19040178
      0.19040112      0.19040055      0.19039983      0.19039945      0.19039893
      0.19039851      0.19544608      0.19289985      0.18765050      0.18963704
      0.18963668      0.18963603      0.18963549      0.18963503      0.18963507
      0.18963439      0.18963398      0.18963354      0.18963322      0.18963252
      0.19474063      0.18792751      0.19014090      0.19014068      0.19013998
      0.19013962      0.19013929      0.19013943      0.19013899      0.19013844
      0.19013804      0.19013764      0.19013713      0.19013623      0.19556494
      0.18839838      0.19081864      0.19081828      0.19081793      0.19081776
      0.19081764      0.19081712      0.19081670      0.19081648      0.19081595
      0.19081560      0.19081552      0.19524252      0.19312538      0.18748238
      0.18941931      0.18941940      0.18941890      0.18941838      0.18941788
      0.18941742      0.18941700      0.18941683      0.18941639      0.19363417
      0.19126292      0.19126266      0.19126258      0.18499255      0.18765294
