      0.23329508      0.23435989      0.23193147      0.23038138      0.22984911
      0.22895599      0.22984623      0.23582251      0.23581785      0.23662880
      0.23347444      0.23406080      0.23322890      0.22871991      0.22872861
      0.22671557      0.23207294      0.22937233      0.23099691      0.23099732
      0.22867481      0.23684365      0.23819814      0.23456268      0.23457066
      0.23457091      0.23400543      0.23413711      0.23413744      0.23462180
      0.23378292      0.23124440      0.23073075      0.23352046      0.23251797
      0.23810292      0.23809801      0.23903254      0.23219145      0.23211944
      0.23195957      0.23129371      0.23129396      0.23173691      0.23037459
      0.23139654      0.23012582      0.23289775      0.23769358      0.23614346
      0.23614366      0.23581050      0.23788742      0.23167155      0.23111473
      0.23171792      0.23393514      0.22902806      0.22990219      0.23091216
      0.22768990      0.23627506      0.23558016      0.23558010      0.23613662
      0.23476923      0.23475153      0.23469130      0.22945687      0.22946067
      0.22999344      0.22880222      0.22840119      0.22780766      0.23487989
      0.23619748      0.23756395      0.23756421      0.23756436      0.23711245
      0.23517290      0.24419728      0.23878126      0.23599990      0.23637941
      0.23528792      0.23528792      0.23574497      0.23412983      0.23537035
      0.23488332      0.23701812      0.23658741      0.23729786      0.23729803
      0.23729818      0.23787295      0.23374629      0.23375047      0.23469772
      0.23194470      0.23102656      0.23494391      0.23541951      0.23286250
      0.23395379      0.23340389      0.23890513      0.24112714      0.23608105
      0.23001119      0.23001371      0.23001404      0.22859045      0.23525914
      0.23377059      0.23506130      0.23406715      0.23240424      0.23358174
      0.23358193      0.23260459      0.23629685      0.23629734      0.23755339
      0.23067461      0.23073182      0.22834693      0.22682738      0.23414055
      0.23266404      0.23266373      0.23271616      0.23305961      0.23174804
      0.22955486      0.23373957      0.23207224      0.23706897      0.23858972
      0.23211697      0.23120245      0.23334244      0.23334264      0.23334288
      0.23459241      0.22826716      0.22997623      0.23000975      0.22519224
      0.22584469      0.22436169      0.22193588      0.22450386      0.23196460
      0.23150799      0.23242131      0.23242143      0.23242163      0.23272609
      0.23278118      0.22850632      0.22813814      0.23369840      0.22905320
      0.22725622      0.23164879      0.23209008      0.23072809      0.23072828
      0.23019806      0.23190693      0.22759900      0.22690593      0.22415294
      0.23002018      0.22891924      0.23120318      0.23080855      0.23080885
      0.23080903      0.23080932      0.23129836      0.22819522      0.22759115
      0.22752737      0.23335495      0.23222409      0.23222804      0.23222823
      0.23222832      0.23131293      0.23315492      0.23487156      0.23490731
      0.23154351      0.22767488      0.23858843      0.23420525      0.23461935
      0.23504494      0.22857477      0.22859027      0.22859164      0.22859212
      0.22804148      0.22814294      0.22829394      0.23300439      0.23243798
      0.23434690      0.23363412      0.23269346      0.22899439      0.23465954
      0.23543823      0.23068772      0.23068825      0.23016026      0.23390075
      0.23439820      0.23510907      0.22936010      0.22937399      0.22937490
      0.22994042      0.22924826      0.22623909      0.22631212      0.23153251
      0.23205502      0.23285292      0.23177035      0.23481945      0.22909615
      0.22856988      0.22956320      0.22995548      0.22894570      0.22894510
      0.22894439      0.22945441      0.22642169      0.23461357      0.23407160
      0.23601025      0.23259477      0.23008085      0.22828003      0.22982740
      0.22954560      0.22809242      0.22946681      0.22946589      0.22946425
      0.22946265      0.22769249      0.23623172      0.23000703      0.23039451
      0.23412421      0.23529185      0.23241392      0.22933510      0.22594760
      0.22594484      0.22496760      0.22680290      0.22679985      0.23034957
      0.23748023      0.23184191      0.23185109      0.23640506      0.24060750
      0.24059995      0.24059558      0.24052343      0.23275866      0.23238761
      0.22985172      0.23347235      0.24262785      0.23520398      0.23011637
      0.23011189      0.23010654      0.23010124      0.23009568      0.23009040
      0.24491964      0.25911973      0.25601335      0.25506543      0.25703851
      0.25703243      0.25490865      0.24878150      0.24762089      0.24627282
      0.24384607      0.24256077      0.24255624      0.24254991      0.24254368
      0.24211361      0.24403792      0.23941539      0.24002437      0.25967020
      0.26658397      0.26778615      0.26778041      0.26543262      0.26404507
      0.26127863      0.25478648      0.25439806      0.24934310      0.25043265
      0.25042785      0.24821593      0.24627209      0.24761754      0.25387307
      0.26254570      0.26197961      0.27341466      0.27508092      0.27108722
      0.27109151      0.26686106      0.26500432      0.26602440      0.25922268
      0.25619123      0.25618840      0.25618582      0.25565854      0.25675792
      0.25787767      0.26325198      0.27192513      0.26245992      0.26246559
      0.26198612      0.26285886      0.26386739      0.26386636      0.26386539
      0.27595109      0.27447716      0.26880481      0.26720823      0.26891204
      0.26847043      0.26487889      0.26488541      0.26488552      0.26488556
      0.26448421      0.26566470      0.27965387      0.27948335      0.27948332
      0.28510958      0.29294648      0.29474913      0.28679464      0.27993800
      0.26791569      0.27250118      0.27242487      0.27242642      0.27242589
      0.27242539      0.27196819      0.27320813      0.27559651      0.29355419
      0.29655407      0.29371250      0.29978283      0.30884139      0.30933956
      0.29830206      0.29671910      0.29672224      0.28376265      0.28033095
      0.28033353      0.28033281      0.27932304      0.28368167      0.28177125
      0.28894188      0.31263924      0.31867221      0.31866644      0.31967090
      0.31367529      0.31324277      0.31453404      0.31421534      0.31307114
      0.30720928      0.29266352      0.29065059      0.29569958      0.30258612
      0.30258716      0.30258634      0.30348023      0.29720023      0.29986071
      0.32158191      0.32784758      0.32542098      0.32388162      0.32528314
      0.31752373      0.31861171      0.32553950      0.32550148      0.32559264
      0.32559556      0.32420947      0.31253794      0.30990296      0.31126540
      0.30553183      0.32935897      0.33511396      0.33511503      0.34467784
      0.35481686      0.35545821      0.35050735      0.35050742      0.35050749
      0.34893031      0.34777110      0.34625854      0.34600431      0.33790631
      0.33772656      0.33773155      0.33773136      0.34013182      0.34662699
      0.36131482      0.36230024      0.36327624      0.35651048      0.35652435
      0.35484881      0.35360969      0.35361335      0.35308261      0.34886281
      0.34752457      0.34752636      0.36330889      0.36239242      0.36460180
      0.38468260      0.38124130      0.37987844      0.37988044      0.37987975
      0.37734231      0.37612167      0.37573217      0.37688137      0.37492084
      0.37380601      0.40017101      0.40414932      0.40416313      0.40543370
      0.38819055      0.38692899      0.38847603      0.38847514      0.40180008
      0.40056827      0.40057964      0.39802393      0.39887327      0.39328176
      0.39329233      0.39329198      0.41753023      0.42893770      0.42604884
      0.41569794      0.41360437      0.41304943      0.41441687      0.41294208
      0.43713192      0.42900178      0.42751813      0.42730132      0.42685536
      0.42685899      0.42685918      0.42654764      0.42723392      0.44872325
      0.44818196      0.44641477      0.43461235      0.43343237      0.43343775
      0.42605464      0.45640876      0.45457068      0.45457190      0.44994866
      0.44737641      0.44951423      0.45035184      0.44527117      0.43830816
      0.45976758      0.46847324      0.46906111      0.46791277      0.46791790
      0.48095176      0.47777319      0.47752329      0.46719376      0.46058220
      0.46156207      0.46106411      0.46261191      0.46261158      0.45354844
      0.45311083      0.45311058      0.46749406      0.47234786      0.46177032
      0.47695853      0.47512840      0.46886115      0.46852160      0.47084975
      0.48665832      0.49667231      0.49667159      0.49735915      0.48017621
      0.47986632      0.49827710      0.49706945      0.48857611      0.48685584
      0.49135432      0.48981556      0.47758365      0.47718706      0.49335359
      0.50153723      0.49562900      0.49726234      0.47792022      0.47646212
      0.47738121      0.50120976      0.49522136      0.49369719      0.49370126
      0.48850520      0.49814040      0.50284509      0.50250368      0.50394424
      0.50695889      0.49500663      0.49699275      0.48374045      0.48181800
      0.52652510      0.54509333      0.53929197      0.53748929      0.53749596
      0.53751370      0.52344999      0.52120973      0.52296432      0.51790766
      0.51954479      0.53035329      0.53755773      0.53713942      0.53836225
      0.57092287      0.56332562      0.56175693      0.56176083      0.56690179
      0.56500104      0.55831170      0.55188465      0.55189221      0.55189206
      0.55397457      0.56083852      0.56628485      0.56627477      0.58889715
      0.57283808      0.57041654      0.57166973      0.57135227      0.59642541
      0.58310723      0.57620144      0.57620804      0.60763726      0.61578517
      0.61577352      0.60435373      0.59646598      0.62233996      0.60900921
      0.60728958      0.60729316      0.60668329      0.60759109      0.65055996
      0.65993039      0.65285597      0.65286441      0.65286331      0.65286115
      0.65285864      0.63910586      0.65779539      0.65051540      0.65187986
      0.65187717      0.65146045      0.70324884      0.71095661      0.69422406
      0.69177608      0.69302262      0.69301734      0.69301207      0.69300694
      0.67919512      0.66530791      0.66418267      0.68796035      0.69576252
      0.69717295      0.69717147      0.72845070      0.72058316      0.72012825
      0.72136287      0.72075979      0.72165463      0.72164915      0.72640896
      0.69366702      0.69002619      0.74774474      0.75350908      0.75348732
      0.75348599      0.75305758      0.78396087      0.77046859      0.76847265
      0.76788167      0.76824067      0.78385265      0.78233263      0.78233241
      0.75424909      0.80753336      0.81894465      0.81250249      0.81424354
      0.80906191      0.80904668      0.84427481      0.83481466      0.82558435
      0.82781645      0.82626450      0.87588578      0.87308520      0.87121056
      0.85775698      0.85049252      0.84981402      0.85093664      0.85322520
      0.85032656      0.89303350      0.87945814      0.87908860      0.87858282
      0.92961952      0.93834150      0.92656330      0.92466172      0.92583770
      0.90614074      0.90431564      0.90382918      0.90508022      0.90505044
      0.90502084      0.92806892      0.93106716      0.98736514      0.99952394
      0.99290092      0.97920726      0.97834798      0.97234192      0.97231786
      0.95765196      0.95583260      0.95521662      0.95695014      0.94474576
      0.95324312       1.0093202       1.0210438       1.0242438       1.0202231
       1.0065703       1.0063742      0.99892364      0.99891960      0.99891228
      0.98404542      0.98221098      0.96926838      0.96766252       1.0094948
       1.0687773       1.0767455       1.0773287       1.0816249       1.0635964
       1.0627039       1.0571227       1.0571341       1.0571418       1.0571514
       1.0284772       1.0250050       1.0803216       1.0759638       1.1213188
       1.1295565       1.1295648       1.1310547       1.1140084       1.1073472
       1.1089132       1.1089312       1.1089493       1.0957568       1.0941406
       1.1363817       1.1444878       1.1309218       1.1303287       1.1828517
       1.1906151       1.1911013       1.1732365       1.1686045       1.1686307
       1.1681023       1.1562168       1.1540857       1.2163645       1.2264096
       1.2264062       1.2259027       1.1975002       1.2457520       1.2551498
       1.2337975       1.2280527       1.2293910       1.2294193       1.2160446
       1.2705463       1.2824989       1.2748444       1.2739754       1.2767844
       1.2764287       1.2644357       1.2984673       1.3060254       1.3014128
       1.2865178       1.2842529       1.2717754       1.2701153       1.3287104
       1.3390340       1.3390358       1.3390660       1.3390954       1.3391230
       1.3241108       1.3769038       1.3855210       1.3676939       1.3511551
       1.3294225       1.3882251       1.3982514       1.3996286       1.3996612
       1.3996926       1.3997208       1.3997510       1.3997801       1.3870374
       1.4319579       1.4266324       1.4243289       1.4702549       1.4799544
       1.4799585       1.4799956       1.4819730       1.4634242       1.4613791
       1.4614073       1.4614370       1.4474406       1.4457757       1.5001247
       1.5579997       1.5548502       1.5531223       1.5526014       1.5533711
       1.5396475       1.5373096       1.5235302       1.5186115       1.5136492
       1.5136943       1.5137282       1.4985603       1.5973247       1.6136150
       1.6136263       1.5972519       1.5967780       1.5962794       1.5995235
       1.5961898       1.5793482       1.5788711       1.5783042       1.5809823
       1.6189380       1.6130211       1.6695152       1.6777371       1.6620201
       1.6599590       1.6628829       1.6592821       1.6602282       1.6564650
       1.6565056       1.6400582       1.7028137       1.7125477       1.6842955
       1.6807905       1.7388689       1.7468044       1.7302063       1.7306533
       1.7276857       1.7218464       1.7218859       1.7214107       1.7228626
       1.7916204       1.7864247       1.7699899       1.7677100       1.7547274
       1.7488023       1.8145430       1.8000091       1.7993093       1.7993290
       1.7993528       1.8617515       1.8716834       1.8716876       1.8731846
       1.8546187       1.8362527       1.8363776       1.8177689       1.8159737
       1.8628626       1.8712500       1.8712774       1.8713024       1.9384832
       1.9492620       1.9492689       1.9493007       1.9350435       1.9285908
       1.9286312       1.9308188       1.9085454       1.8914346       1.8899034
       1.9420848       1.9491074       2.0196159       2.0307625       2.0312980
       2.0272791       2.0124515       2.0117661       2.0115524       2.0115769
       2.0115985       2.0110553       1.9816741       2.0343752       2.0861463
       2.0916039       2.0935503       2.0901450       2.0901850       2.0754038
       2.0736566       2.0736885       2.0737154       2.0733472       2.0743806
       2.1378481       2.1478539       2.1334867       2.0950150       2.1417223
       2.1487731       2.1481319       2.1355648       2.1340687       2.1354140
       2.1354398       2.1357441       2.2011187       2.2116056       2.2116167
       2.2116482       2.1957742       2.1819258       2.1497437       2.2078392
       2.2001604       2.1993529       2.1993853       2.1994119       2.2037958
       2.2791006       2.2904172       2.2904283       2.2904597       2.2904845
       2.2869537       2.2476075       2.2400552       2.2251652       2.2688333
       2.2752623       2.3385511       2.3487795       2.3507127       2.3537955
       2.3550983       2.3571074       2.3540559       2.3466652       2.3417020
       2.3052547       2.2866273       2.2848828       2.4119281       2.4128428
       2.4109877       2.4071357       2.3987085       2.4012935       2.4026668
       2.4026918       2.4027182       2.4055405       2.4069768       2.3622669
       2.4224159       2.4228389       2.4177392       2.4814555       2.4889536
       2.4720098       2.4701622       2.4701904       2.4702180       2.4702465
       2.4672325       2.5091227       2.5172266       2.5009850       2.4851796
       2.4847066       2.4874919       2.5582795       2.5672966       2.5673289
       2.5673581       2.5494686       2.5387347       2.5982303       2.5935739
       2.5855843       2.5769486       2.5610292       2.5611700       2.5625383
       2.5625601       2.6093182       2.6191303       2.6206311       2.6849967
       2.7017152       2.7047616       2.6898911       2.6881721       2.6882075
       2.6882364       2.6532469       2.6440006       2.6246197       2.6033302
       2.6652235       2.7423899       2.7501000       2.7501381       2.7501665
       2.7352695       2.7401788       2.7416821       2.7473788       2.7319513
       2.7120166       2.7751157       2.7849064       2.7849194       2.7682152
       2.8329264       2.8405815       2.8406114       2.8015536       2.7941460
       2.7941794       2.7885796       2.8449678       2.8378509       2.8256057
       2.8312157       2.8386023       2.8470402       2.8485682       2.9152804
       2.9051795       2.8882273       2.8864965       2.9506278       2.9604655
       2.9389236       2.9329926       2.9330231       2.8939967       2.8812634
       2.8812892       2.8870885       2.8886981       2.9377081       3.0119434
       3.0248861       3.0249112       3.0249468       3.0249743       3.0249989
       3.0204549       3.0133072       2.9567313       2.9470614       2.9470898
       3.0126473       3.0225819       3.0564526       3.0602463       3.0602853
       3.0603138       3.0672810       3.0831389       3.0863522       3.0813267
       3.0744645       3.1243635       3.1154144       3.1135992       3.1136295
       3.0983760       3.1356702       3.1188167       3.1169460       3.1185098
       3.1195447       3.1195678       3.1870107       3.1901188       3.1894865
       3.1753788       3.1735924       3.1576198       3.1564500       3.1573629
       3.2228335       3.2316831       3.2078868       3.2501833       3.2582232
       3.2481448       3.2392111       3.2392343       3.2392582       3.2230758
       3.2212424       3.2080823       3.2075133       3.2090567       3.3499348
       3.3507019       3.3343227       3.3324621       3.3324878       3.3325120
       3.3195537       3.3054250       3.3054640       3.2908881       3.2749024
       3.3410191       3.3527186       3.3539779       3.4210713       3.4117178
       3.3983636       3.3978603       3.3978784       3.3821164       3.3824595
       3.3838958       3.4294626       3.4078463       3.4056420       3.4056738
       3.4056997       3.4082578       3.4757895       3.4832273       3.4661252
       3.4662287       3.4673664       3.5123489       3.4953843       3.4935325
       3.4785354       3.4902713       3.4753229       3.4734563       3.4734765
       3.4601719       3.4571124       3.5259403       3.5923666       3.6021322
       3.6021575       3.6021946       3.6022253       3.5629282       3.5323757
       3.5145164       3.5237169       3.5258289       3.5258479       3.5976473
       3.6746210       3.6549405       3.6388635       3.6384702       3.6452571
       3.6469523       3.6319117       3.6301626       3.6113790       3.5935130
       3.6380676       3.6487018       3.6508477       3.6574271       3.6586512
       3.7267844       3.7409854       3.6946062       3.6852903       3.6701468
       3.6749497       3.7473759       3.7393630       3.7214656       3.7196669
       3.7276571       3.7062034       3.6975189       3.7032337       3.7717531
       3.7626283       3.7445130       3.7959197       3.8041929       3.8123959
       3.8141581       3.7963680       3.7779581       3.7760704       3.7760871
       3.7846270       3.7864596       3.7864808       3.8554671       3.9303532
       3.9116522       3.8781563       3.8709019       3.8768634       3.8783901
       3.8608944       3.8206139       3.8099915       3.8100089       3.8825008
       3.9034097       3.9056046       3.9114888       3.9659754       3.9630297
       3.9628753       3.9368452       3.9307132       3.9426089       3.9444932
       3.9859539       3.9882517       3.9882834       3.9883156       3.9829545
       3.9832727       3.9679928       3.9721776       4.0318145       4.0392862
       4.0393138       4.0723888       4.0633634       4.0586972       4.0425542
       4.0407339       4.0407554       4.0407768       4.0407975       4.0387651
       4.0195933       4.0291299       4.1362942       4.1578852       4.1597226
       4.1597549       4.1275275       4.1322072       4.1173522       4.1154791
       4.1154969       4.1155161       4.0839328       4.1320415       4.1402795
       4.1403043       4.1997626       4.2130965       4.2146984       4.2147220
       4.1891312       4.1829833       4.1746486       4.1746747       4.2484154
       4.2430200       4.2230292       4.2089877       4.2035705       4.2036008
       4.2155466       4.2808258       4.2884482       4.2884757       4.2885017
       4.3171443       4.3155397       4.3155874       4.3002145       4.2670174
       4.2416667       4.2399521       4.2534912       4.2553232       4.2634901
       4.3279618       4.4102315       4.4202447       4.4202776       4.4203152
       4.3326871       4.2993470       4.2975955       4.2976207       4.2976448
       4.2800174       4.2782534       4.3679080       4.4001535       4.4539358
       4.4597008       4.4597421       4.4597757       4.4049889       4.3584752
       4.3672834       4.3692311       4.3692574       4.4454447       4.4554390
       4.4377969       4.4498583       4.4756161       4.5470637       4.5080904
       4.4978089       4.4978549       4.4659338       4.4273122       4.4980660
       4.5080461       4.5080799       4.5081195       4.5081524       4.5081817
       4.4981642       4.5243162       4.5279839       4.5244347       4.5199724
       4.5815168       4.5897232       4.5726495       4.5239699       4.5294407
       4.5314706       4.5314995       4.5315282       4.5435555       4.5450977
       4.5451206       4.6501662       4.6412563       4.6112643       4.6094952
       4.6161970       4.5968847       4.5949834       4.5592122       4.5647509
       4.5667871       4.5787842       4.6594742       4.6198946       4.6227285
       4.6246430       4.6575145       4.6446474       4.6446592       4.6617118
       4.6430095       4.6411473       4.5931513       4.6777751       4.7018010
       4.7034138       4.6524163       4.6430367       4.6566345       4.6429199
       4.6923295       4.6824310       4.6963362       4.6944590       4.7566861
       4.7647806       4.7648399       4.7418294       4.7377987       4.6839582
       4.6740777       4.6741618       4.6722156       4.6723792       4.7237358
       4.8086721       4.8146929       4.8146456       4.7978029       4.7959405
       4.8081703       4.7996979       4.7426576       4.7330573       4.7331324
       4.7175531       4.8085363       4.8203860       4.8718272       4.8762431
       4.8600278       4.8731157       4.8580454       4.8690832       4.8707102
       4.8289001       4.7691565       4.8411678       4.8355287       4.8337498
       4.8477048       4.8496348       4.9010781       4.8977210       4.8977158
       4.8882939       4.8981175       4.8996826       4.9247023       4.9389778
       4.8932156       4.8703752       4.8685814       4.8686035       4.8829082
       4.8847990       4.8671225       4.9220828       4.9200904       5.0162699
       5.0168938       4.9685945       4.9510893       4.9643016       4.9503868
       4.9078295       4.9000982       4.9001063       4.9148914       4.9167916
       4.9464054       5.0297461       5.0534870       5.0388113       4.9761122
       4.9767007       4.9748865       4.9592327       4.9782828       4.9388021
       4.9312034       4.9465334       5.0328795       5.0429753       5.0430078
       5.0767594       5.0183427       4.9921378       4.9902743       4.9902863
       4.9982040       4.9944898       5.0076049       4.9735970       5.0565596
       5.0671382       5.0820918       5.0838608       5.1103908       5.1083541
       5.0497988       5.0223966       5.0205163       5.0047771       5.0029605
       5.1144174       5.1367334       5.0867537       5.0790931       5.0930359
       5.1115434       5.1271106       5.0683340       5.0595747       5.0556500
       5.0385888       5.0209134       5.1070480       5.1176453       5.1176986
       5.1715400       5.1193252       5.1258481       5.1275942       5.0826861
       5.0742591       5.1001989       5.0964424       5.0964268       5.1566668
       5.1553006       5.1553536       5.1553861       5.1694359       5.1711503
       5.1751784       5.1115231       5.0958367       5.0955768       5.0955570
       5.1304004       5.2163074       5.2131806       5.2060544       5.1960662
       5.1960832       5.1960972       5.1961114       5.2113259       5.1694634
       5.2892709       5.3200289       5.3353208       5.3353261       5.3353304
       5.3353283       5.3351947       5.3374813       5.3329259       5.2170415
       5.2343632       5.2343773       5.2346366       5.2503288       5.3041477
       5.2906958       5.2890029       5.2948275       5.2948146       5.2947778
       5.2857880       5.2119123       5.2119102       5.2063703       5.2040834
       5.2124797       5.2642082       5.2624671       5.2513736       5.2386455
       5.2626675       5.2626283       5.2520450       5.1659225       5.1836067
       5.2006679       5.1947955       5.1519361       5.2107144       5.2607679
       5.2422594       5.2287544       5.2268312       5.2121940       5.2027296
       5.1375425       5.1393787       5.1551368       5.1570343       5.1844497
       5.2430096       5.2357703       5.2400009       5.2382285       5.2238977
       5.2133291       5.1208190       5.0902644       5.0814499       5.0851648
       5.1198434       5.1198472       5.1217221       5.1479297       5.1964900
       5.2115851       5.2115476       5.2014490       5.1151022       5.1041716
       5.1022755       5.0856375       5.0578489       5.0735047       5.0753174
       5.1039047       5.1573868       5.1696669       5.1459256       5.0571766
       5.0911654       5.0892658       5.0838937       5.0838989       5.0819620
       5.0706627       5.0845943       5.0713981       5.0794617       5.1157742
       5.1231105       5.0306285       5.0326338       5.0523550       5.0700431
       5.0681671       5.0623428       5.0623333       5.0641483       5.0779533
       5.0643016       5.0500343       5.0250153       5.0138054       4.9919437
       5.0105617       5.0105680       5.0144553       5.0489297       5.0470379
       5.0390727       5.0408740       5.0465453       4.9652007       4.9601698
       5.0019974       5.0003797       4.9797207       4.9843916       4.9713331
       4.9890003       4.9928372       5.0274554       5.0156673       4.9281235
       4.9437314       4.9436869       4.9533302       5.0022541       4.9805802
       4.9683731       4.9606656       4.9653733       4.9654624       4.9594933
       4.8842366       4.9188045       4.9096347       4.9261662       4.9261153
       4.9360296       4.9899142       4.9845397       4.9466454       4.9466087
       4.9290104       4.8517752       4.8536904       4.8701288       4.8594366
       4.8867989       4.8496634       4.9036794       4.9130893       4.9641162
       4.9625311       4.9385410       4.8446732       4.8326327       4.8249865
       4.8262651       4.8452865       4.8452751       4.8400744       4.8184859
       4.8257473       4.8839763       4.9235835       4.8429209       4.8309498
       4.8289484       4.8140233       4.8050438       4.7972653       4.8023207
       4.8228885       4.8156208       4.8323025       4.8715229       4.8340012
       4.8339792       4.8324369       4.8204083       4.8203770       4.8203432
       4.8183161       4.8036469       4.7841536       4.7850374       4.7678367
       4.6986730       4.7033361       4.7507434       4.7561397       4.7897032
       4.7997183       4.7996861       4.7996497       4.7996055       4.7995655
       4.7895871       4.7097759       4.6802619       4.6787714       4.6787168
       4.6792028       4.6890927       4.7115544       4.7460166       4.7339522
       4.7515908       4.7415915       4.6653973       4.6653605       4.6633938
       4.6452776       4.6465739       4.6689018       4.6688673       4.6688245
       4.6631644       4.6675293       4.6754390       4.5857786       4.5875369
       4.6051584       4.6051283       4.6050957       4.6068450       4.6213855
       4.6327019       4.6326642       4.6326309       4.6226170       4.5404238
       4.5893169       4.5811442       4.5793062       4.5657610       4.5674695
       4.5928137       4.6260031       4.6413622       4.6320834       4.5897057
       4.5024519       4.5024259       4.5023982       4.4948327       4.5465449
       4.5345943       4.5345593       4.5399721       4.5540094       4.5739957
       4.5793852       4.5056324       4.4963547       4.4456474       4.4440821
       4.4376540       4.4376296       4.4360260       4.4470168       4.4795920
       4.4795739       4.4713669       4.4156892       4.4472656       4.4472357
       4.4471989       4.4396035       4.3856912       4.4102466       4.4021524
       4.4021195       4.4002814       4.4029859       4.3814737       4.3831772
       4.3933843       4.3931258       4.3930997       4.3930713       4.3930367
       4.3856263       4.3367622       4.3414362       4.3602055       4.2769103
       4.2768815       4.2696685       4.3095955       4.3103903       4.3206822
       4.3203600       4.3257168       4.3256787       4.3256351       4.3140620
       4.2103416       4.2084523       4.2372867       4.2357192       4.2291716
       4.2197475       4.2335093       4.2646290       4.2587415       4.2565423
       4.2440334       4.1715368       4.1715101       4.1821384       4.2142971
       4.1492968       4.1496048       4.1732576       4.1713910       4.1559992
       4.1901005       4.2016330       4.1326426       4.1326161       4.1307762
       4.1415422       4.1415158       4.1434064       4.1534436       4.0837458
       4.0819921       4.1067197       4.0984548       4.0396006       4.0284913
       4.0470365       4.0626993       4.0569795       4.0656588       4.0871054
       4.0928995       4.0946974       4.1038033       4.0214681       3.9490750
       3.9753377       3.9904816       3.9807143       3.9705841       3.9983808
       4.0153836       4.0141553       4.0075716       4.0054197       4.0200559
       3.9754929       3.9841187       3.9088299       3.9105832       3.9256278
       3.9239368       3.9359108       3.9267075       3.9563360       3.9502658
       3.9542370       3.8824313       3.8824046       3.8802788       3.9068883
       3.9152851       3.8478295       3.8871287       3.8871010       3.8870689
       3.8870522       3.8773030       3.8205846       3.8377733       3.8336828
       3.8378002       3.8377605       3.8301682       3.8429439       3.8985697
       3.9135595       3.9060449       3.8315447       3.7865656       3.7854331
       3.7853380       3.8024559       3.8042939       3.8196249       3.8170651
       3.8170373       3.8170041       3.8192341       3.8332188       3.7600527
       3.7656990       3.8072753       3.8230383       3.8230215       3.8235387
       3.8281376       3.7624236       3.7791678       3.7779105       3.7662132
       3.7000989       3.7160871       3.7306667       3.7306533       3.7372503
       3.7474091       3.7473868       3.7473584       3.7491974       3.7658900
       3.6841196       3.6267895       3.6252506       3.6258241       3.6389889
       3.6408270       3.6570143       3.6569957       3.6569779       3.6659173
       3.6760014       3.6679729       3.6169842       3.6096765       3.6100161
       3.6263388       3.6386077       3.7036904       3.6327607       3.6345519
       3.6486646       3.6493021       3.6461994       3.5787621       3.5787449
       3.5777161       3.5761597       3.5780474       3.5947302       3.6062360
       3.6214834       3.6214557       3.6141114       3.5376720       3.4877771
       3.4946436       3.4996733       3.4964499       3.4881421       3.5129283
       3.5129057       3.5128777       3.5182675       3.5660163       3.5560810
       3.4905209       3.4905066       3.4835900       3.4275855       3.4347379
       3.4392870       3.4392674       3.4392453       3.4392154       3.4391822
       3.4336392       3.4012323       3.4335696       3.4319566       3.4261499
       3.4261244       3.4294018       3.3826598       3.3826362       3.3811167
       3.3757120       3.3658773       3.3017491       3.3034845       3.3204464
       3.3400593       3.3567006       3.3627047       3.3884952       3.3811048
       3.3754968       3.3781194       3.3004491       3.2440644       3.2496675
       3.2496392       3.2499468       3.2589129       3.2588928       3.2607796
       3.2793097       3.2960126       3.2959983       3.2862053       3.2231037
       3.2333065       3.1635071       3.1578087       3.1636770       3.1919496
       3.2068525       3.2068317       3.2068063       3.2087184       3.2157248
       3.1538330       3.1691119       3.1743957       3.1733425       3.1134951
       3.1134719       3.1134422       3.1151670       3.1300432       3.1270020
       3.1102890       3.0459303       3.0444410       3.0440585       3.0777571
       3.0777290       3.0830907       3.0925402       3.1084596       3.1170944
       3.1250814       3.1297350       3.0631359       3.0531705       2.9814739
       2.9814499       2.9814273       2.9817540       2.9913105       2.9885240
       2.9889957       3.0048000       3.0210408       3.0129320       2.9766329
       2.9925026       2.9924737       2.9924439       2.9924169       2.9848815
       2.9169444       2.9187828       2.9346685       2.9333712       2.9208413
       2.8606903       2.9053982       2.9039598       2.9011357       2.9011075
       2.9010806       2.8997057       2.8971108       2.9112841       2.9260845
       2.9185663       2.8437289       2.7935507       2.7952930       2.8139222
       2.8452117       2.8439252       2.8513140       2.8543637       2.8523528
       2.8510481       2.8479630       2.8460276       2.8357964       2.7725089
       2.7708454       2.7252539       2.7401421       2.7428182       2.7818374
       2.7853659       2.7853391       2.7853055       2.7852923       2.7739738
       2.6986673       2.6942818       2.6942542       2.6942206       2.6996959
       2.7166856       2.7240002       2.6661362       2.6825180       2.6983926
       2.6983617       2.6983514       2.6878656       2.6224922       2.6221888
       2.6221638       2.6208192       2.6223159       2.6391769       2.6387054
       2.6404209       2.6573730       2.6051313       2.6220533       2.6120488
       2.5485827       2.5475507       2.5479205       2.5478952       2.5478647
       2.5496133       2.5643959       2.5643572       2.5677651       2.5658259
       2.5746548       2.5947894       2.5255105       2.4745502       2.4750956
       2.4750760       2.4750538       2.4752697       2.4759572       2.4907868
       2.4948076       2.4942739       2.4831306       2.4126306       2.4153451
       2.4547686       2.4529254       2.4603862       2.3933443       2.3938640
       2.3938267       2.4002823       2.4145424       2.4145133       2.4145086
       2.4037320       2.3365530       2.3365313       2.3365119       2.3380027
       2.3705226       2.3723147       2.3966851       2.3851045       2.3231012
       2.3368509       2.3371885       2.3371871       2.3272576       2.2648615
       2.2648404       2.2648248       2.2655330       2.2902330       2.3031689
       2.3047913       2.3257531       2.3252282       2.3321113       2.2571246
       2.1883721       2.1869255       2.1874061       2.1873715       2.1932164
       2.1904426       2.1915404       2.2081490       2.2100996       2.2245771
       2.2280850       2.2563391       2.2466073       2.1796394       2.1137484
       2.1137180       2.1174918       2.1165574       2.1156284       2.1148217
       2.1169014       2.1326435       2.1346544       2.1509521       2.1568872
       2.1189503       2.1214974       2.1190489       2.1095447       2.0452109
       2.0443515       2.0435032       2.0440244       2.0445208       2.0609101
       2.0609174       2.0545762       2.0238008       2.0389871       2.0389724
       2.0389455       2.0439248       2.0341323       1.9728943       1.9725152
       1.9862660       1.9855206       1.9860652       1.9878124       1.9909753
       1.9429567       1.9558956       1.9575791       1.9715946       1.9715832
       1.9715707       1.9632606       1.8999284       1.8989423       1.8989286
       1.8989463       1.8892677       1.8433610       1.8456781       1.8606456
       1.8806894       1.8934501       1.8934394       1.8934279       1.8934188
       1.8934069       1.8933941       1.8989130       1.8861923       1.8274038
       1.8313928       1.7667505       1.7845909       1.7855801       1.7974265
       1.8124566       1.8124473       1.8124364       1.8124248       1.8124417
       1.8021367       1.7435601       1.7452382       1.7626944       1.7622937
       1.7772015       1.7760276       1.7706359       1.7211951       1.7332053
       1.7335791       1.7307884       1.7316758       1.7393490       1.7274151
       1.6729321       1.6863252       1.6863144       1.6915542       1.6907218
       1.7136379       1.7137486       1.7204760       1.6671206       1.6676417
       1.6676627       1.6576351       1.5953741       1.5975225       1.6094247
       1.6099691       1.6099571       1.6111508       1.6345071       1.6312673
       1.6331871       1.6462956       1.6468940       1.6604628       1.6429195
       1.5223360       1.5239591       1.5371571       1.5371426       1.5371263
       1.5355601       1.5422193       1.5592631       1.5579741       1.5579519
       1.5587559       1.5728174       1.5771635       1.5218303       1.5159707
       1.4670434       1.4670196       1.4669951       1.4669640       1.4725228
       1.4733902       1.4862417       1.4895206       1.4858621       1.4872226
       1.4927106       1.4508547       1.4524426       1.4653652       1.4580282
       1.3985683       1.3985549       1.3985363       1.4059622       1.4061312
       1.4197545       1.4187337       1.4182143       1.4139008       1.3629348
       1.3845771       1.3967453       1.3949800       1.3955609       1.3883960
       1.3298470       1.3298363       1.3358069       1.3366301       1.3502870
       1.3486671       1.3392847       1.2829388       1.2893396       1.3271890
       1.3271822       1.3271762       1.3322932       1.3304584       1.3232353
       1.2701161       1.2689065       1.2707739       1.2825173       1.2737600
       1.2226878       1.2231577       1.2376384       1.2511960       1.2635883
       1.2628561       1.2634206       1.2679773       1.2653003       1.2635049
       1.2044630       1.2063062       1.2090746       1.1594206       1.1609391
       1.1717027       1.1723828       1.1866863       1.1961803       1.1961612
       1.1948488       1.1952567       1.2016704       1.1902252       1.1277679
       1.0829645       1.0829349       1.0844246       1.1028768       1.0992177
       1.0997762       1.1017394       1.1151987       1.1259232       1.1263201
       1.1262911       1.1262840       1.1146583       1.0593021       1.0537262
       1.0137790       1.0221891       1.0221657       1.0257436       1.0233308
       1.0220660       1.0224905       1.0303272       1.0536745       1.0536468
       1.0522086       1.0443802       1.0140853       1.0178377       1.0347023
      0.97945340      0.97943209      0.97941019      0.97938788      0.98436640
      0.98413288       1.0008383      0.99310435      0.96960596      0.97000023
      0.96998280      0.96860017      0.97148595      0.98504076      0.93002856
      0.93001686      0.93000662      0.92999739      0.92998058      0.93704837
      0.92767304      0.90683954      0.90353895      0.90414761      0.90414345
      0.90586291      0.91919431      0.92622034      0.91785464      0.86428665
      0.86429780      0.85614937      0.82471964      0.82471254      0.83161772
      0.84493510      0.85547524      0.85579278      0.86078816      0.85974417
      0.87234465      0.88482696      0.88483591      0.87046027      0.79517098
      0.79569107      0.79569059      0.79568264      0.80210943      0.80879844
      0.81069889      0.81710220      0.81709850      0.81866737      0.82626477
      0.83528383      0.83406075      0.83447830      0.82709061      0.77627913
      0.77668008      0.78173612      0.77998106      0.78222096      0.79628463
      0.80434746      0.80434078      0.80614357      0.81194490      0.79320377
      0.80513809      0.79744705      0.74443662      0.74812394      0.75141067
      0.75106717      0.74962637      0.74996765      0.74526273      0.73562718
      0.74567062      0.74566683      0.74719103      0.75449194      0.76044839
      0.75952894      0.75091455      0.70721321      0.71012001      0.70649947
      0.70113176      0.68496474      0.68536083      0.69759232      0.69913056
      0.70564034      0.70736076      0.71585413      0.71706176      0.72290838
      0.71242550      0.67588377      0.67519570      0.67519591      0.67160136
      0.64634699      0.64692576      0.64726480      0.65353145      0.65536098
      0.66468854      0.67526585      0.67041189      0.66739002      0.66739016
      0.65876640      0.62522632      0.62522586      0.62367726      0.62417444
      0.62802460      0.63228930      0.63709644      0.63803679      0.64121433
      0.65610595      0.65610089      0.65724935      0.66294269      0.65423840
      0.62238826      0.58951874      0.59459839      0.59375977      0.59650977
      0.59603024      0.60260070      0.60259789      0.60443483      0.61068049
      0.61806371      0.61805849      0.61923862      0.63104654      0.62217819
      0.57309508      0.54689405      0.54638768      0.54669903      0.54669908
      0.54669557      0.55326405      0.55787424      0.55935794      0.56756932
      0.57823695      0.57971202      0.57834480      0.57890844      0.57053477
      0.52568064      0.52557653      0.51692465      0.49268682      0.49268753
      0.49267752      0.49826967      0.50298481      0.50764655      0.50763641
      0.51170538      0.52961865      0.52961981      0.52808354      0.51892456
      0.46318682      0.46410277      0.46408893      0.46011061      0.43374554
      0.43486030      0.43682075      0.44141979      0.43984371      0.44106432
      0.44360182      0.44360233      0.44359950      0.44493460      0.45600560
      0.45843548      0.45218035      0.42255968      0.40677796      0.40677694
      0.40811594      0.41233650      0.41287057      0.41289036      0.40793898
      0.40680533      0.40679187      0.41355719      0.41257959      0.41157075
      0.40441687      0.39326660      0.39386666      0.39386874      0.39389069
      0.39735509      0.40254064      0.40303061      0.39880432      0.39996382
      0.40154141      0.40154123      0.40154111      0.39989933      0.40045876
      0.39031941      0.38075492      0.38075354      0.38249073      0.38977836
      0.39341009      0.39200211      0.39085328      0.40664940      0.40803698
      0.40804811      0.40839497      0.38091105      0.37398462      0.37827043
      0.38347514      0.38207490      0.38361582      0.38211003      0.38499637
      0.39042800      0.39108950      0.39736995      0.39647630      0.39647739
      0.39647664      0.38959034      0.38454361      0.38437801      0.36424603
      0.37196095      0.37125328      0.37157250      0.37028158      0.37071452
      0.37671073      0.37570667      0.37570662      0.37721630      0.38314031
      0.37597015      0.36978379      0.37379496      0.37188663      0.37188806
      0.37188679      0.36732473      0.38136041      0.38137686      0.37502778
      0.36851502      0.36801764      0.35895967      0.35288957      0.35217961
      0.35410244      0.35859327      0.35919174      0.36415467      0.36232911
      0.36233040      0.36233182      0.36233095      0.36240830      0.36352157
      0.37255354      0.37110569      0.35852487      0.35898292      0.35114588
      0.34551933      0.34551920      0.34568949      0.35223967      0.35696132
      0.35535562      0.35535560      0.35535573      0.35534900      0.35894030
      0.35938175      0.35059596      0.33968568      0.34042789      0.34190093
      0.34853601      0.34853581      0.34853561      0.35257379      0.34915391
      0.34963195      0.34962477      0.35607362      0.35020407      0.34482812
      0.34370677      0.34260630      0.34313197      0.34313303      0.34313443
      0.33879455      0.34559682      0.34458597      0.33908873      0.33028112
      0.33027634      0.33426242      0.33405273      0.33605171      0.33661809
      0.32794507      0.32168928      0.32034357      0.32228722      0.32449859
      0.32450251      0.32884154      0.33229080      0.33267897      0.33197203
      0.33418032      0.32865834      0.32466083      0.32466519      0.32345720
      0.31503073      0.31126167      0.31132136      0.31527232      0.31777388
      0.31608544      0.31608984      0.31609449      0.31609764      0.31738097
      0.31980581      0.32115190      0.32231069      0.32477002      0.32689239
      0.32689689      0.32492678      0.32567485      0.31345340      0.30500181
      0.30111784      0.30112247      0.30112720      0.30113209      0.30113717
      0.30114141      0.30115750      0.30873689      0.30417591      0.29856515
      0.30110210      0.29873862      0.30111525      0.29178440      0.29178511
      0.29178476      0.29283671      0.29397666      0.29396381      0.29959857
      0.29246433      0.28891119      0.28891092      0.28806549      0.28804637
      0.28804611      0.28648051      0.28172199      0.28687429      0.28498625
      0.28591935      0.28600648      0.29223000      0.28368992      0.28545874
      0.28545896      0.28546050      0.28546163      0.28408754      0.28554111
      0.28582327      0.28427630      0.28607748      0.28454245      0.28698740
      0.29217595      0.29009574      0.28190445      0.28493780      0.28442845
      0.28442986      0.28443117      0.28544167      0.28505013      0.28405758
      0.28458463      0.29030872      0.28726043      0.28834413      0.27904182
      0.28204326      0.28229996      0.28734035      0.28801740      0.28871028
      0.28814592      0.28814603      0.28813325      0.29388316      0.29317328
      0.29267682      0.28893733      0.28946635      0.28946676      0.28674845
      0.28406905      0.28710298      0.28743000      0.28837176      0.28908537
      0.29401476      0.29179929      0.28708998      0.28694022      0.28683969
      0.28739136      0.28739201      0.28739207      0.28737740      0.29384842
      0.28761897      0.28967532      0.28859218      0.28588600      0.28788931
      0.29125351      0.29121790      0.29625071      0.29239982      0.29331590
      0.29331609      0.29331618      0.29331252      0.29444367      0.28861634
      0.28151627      0.28532187      0.28919876      0.28863283      0.28863293
      0.28863314      0.28863323      0.28902714      0.29307841      0.29177350
      0.28590659      0.28866000      0.28935359      0.29366175      0.29195313
      0.29248363      0.29248375      0.28703563      0.28880026      0.28989847
      0.28944122      0.28829313      0.28368769      0.28945417      0.29112610
      0.29107132      0.29076742      0.29076752      0.29076777      0.28985483
      0.29031186      0.28285154      0.28549107      0.28488428      0.27894657
      0.28151347      0.28633132      0.28629829      0.29046238      0.28868485
      0.28857887      0.28857922      0.28857930      0.28643953      0.28735435
      0.29382773      0.29230712      0.28731048      0.28897802      0.28952624
      0.28897786      0.28372932      0.29175988      0.28915172      0.28915227
      0.29062882      0.28331609      0.28483584      0.28281246      0.28364788
      0.29052722      0.28927155      0.28927150      0.29110997      0.29013580
      0.29013589      0.29484532      0.28819298      0.29123523      0.28994487
      0.29143396      0.28476563      0.28618960      0.28618974      0.28618740
      0.29225736      0.28983292      0.29038866      0.29176414      0.28960226
      0.29361232      0.29325110      0.29277601      0.28177753      0.28597453
      0.28872795      0.28778092      0.28777682      0.29190369      0.29132905
      0.29132908      0.29132911      0.29061888      0.29104982      0.29045815
      0.29108301      0.29604468      0.29537629      0.29491931      0.29491951
      0.29055383      0.29207149      0.29485305      0.30026930      0.29124522
      0.29318509      0.29363723      0.29363733      0.29363731      0.29397891
      0.29389173      0.28682021      0.29331609      0.29171050      0.28694411
      0.28907420      0.28907060      0.29430522      0.29436599      0.29438437
      0.29575174      0.29519521      0.29519514      0.29589036      0.29029882
      0.29076613      0.29480445      0.29138488      0.28655984      0.28886361
      0.28826078      0.28881762      0.29503356      0.29295684      0.29329072
      0.29329054      0.29484095      0.29004530      0.29288414      0.29196848
      0.29605531      0.29060520      0.29237636      0.29237663      0.29009247
      0.29015610      0.29022849      0.29707020      0.29613593      0.29614097
      0.29055626      0.29155897      0.29258879      0.29436956      0.29929923
      0.29297212      0.29490871      0.29490869      0.29403164      0.29459754
      0.29459783      0.29458992      0.29822553      0.29605977      0.28789110
      0.29021396      0.29021420      0.29475811      0.29360156      0.29005820
      0.29100788      0.29099995      0.29550913      0.29634123      0.29575509
      0.29348017      0.29462569      0.29463096      0.28865489      0.29198314
      0.29050582      0.29728678      0.29602321      0.29218216      0.29377969
