      0.20943274      0.21422406      0.21503023      0.21599157      0.21599170
      0.21599178      0.21599172      0.21617040      0.21625186      0.21095882
      0.21172178      0.20974644      0.21381279      0.21461158      0.21426179
      0.21464611      0.21581298      0.21581285      0.21581258      0.21514550
      0.21648317      0.21635435      0.21642030      0.21630513      0.21645970
      0.21510715      0.21511261      0.21511292      0.21493437      0.21340162
      0.21390081      0.21640086      0.21640109      0.21572896      0.21665766
      0.21737466      0.21811201      0.22067019      0.21740520      0.21633363
      0.21686162      0.21548210      0.21555808      0.21437446      0.21537977
      0.21656642      0.21571324      0.22127218      0.22027423      0.22149716
      0.22141561      0.22292328      0.21865189      0.21793264      0.21793488
      0.21807077      0.21563159      0.21416465      0.22117034      0.22100808
      0.22157467      0.22166490      0.22151155      0.22075494      0.22175494
      0.22102639      0.22318931      0.21883278      0.21883117      0.21950630
      0.22083619      0.22107244      0.21902382      0.22358829      0.22032956
      0.22138288      0.22138312      0.22127549      0.22057017      0.22183641
      0.22175223      0.22165689      0.22792841      0.22714376      0.22587112
      0.22644557      0.21973477      0.22205631      0.22277635      0.22305549
      0.22283018      0.22066870      0.22288767      0.22214689      0.22824986
      0.22847522      0.22743723      0.22682428      0.22906835      0.23045614
      0.22487344      0.22489327      0.22608850      0.22316341      0.22458032
      0.22098532      0.22137955      0.22834331      0.22773966      0.22807534
      0.22807547      0.22807569      0.22689553      0.23122403      0.23153015
      0.22876052      0.22974224      0.22675140      0.22783113      0.22705377
      0.23369149      0.23363693      0.23380514      0.22972213      0.22860315
      0.22860763      0.22860763      0.22860788      0.22867231      0.22812587
      0.22812614      0.22798618      0.22876051      0.23269461      0.23253226
      0.23382232      0.23418806      0.23395777      0.23173440      0.23164438
      0.23283170      0.23283181      0.23248627      0.23383119      0.23259076
      0.23259086      0.23259122      0.23163829      0.23899297      0.23825704
      0.24005977      0.23451965      0.23435148      0.23453102      0.23424704
      0.23319862      0.23426713      0.23514027      0.23222999      0.23858171
      0.23857607      0.23719528      0.23883247      0.23991974      0.23532810
      0.23666720      0.23795135      0.23556929      0.23575325      0.23540935
      0.23458839      0.23423022      0.24086098      0.24142054      0.24012740
      0.24012746      0.24012736      0.24012738      0.23995921      0.24104067
      0.24221023      0.23596322      0.23388108      0.24433895      0.24327312
      0.24205246      0.24294332      0.24050092      0.24047585      0.24046834
      0.24013971      0.23877459      0.23862809      0.23959239      0.23831375
      0.24599392      0.24604114      0.24705351      0.24322535      0.24209947
      0.24087829      0.24029456      0.24029432      0.24100066      0.23656366
      0.23599229      0.24037357      0.24947171      0.24862408      0.24862399
      0.24858965      0.24908073      0.24499289      0.24499258      0.24485601
      0.24485183      0.24998088      0.24353702      0.24660177      0.25560795
      0.25401453      0.25325439      0.25325450      0.25297651      0.25381955
      0.25591193      0.25898580      0.25999972      0.24964662      0.24903395
      0.24968636      0.24641624      0.24521828      0.25599530      0.25599457
      0.25599433      0.25579093      0.25671125      0.25671080      0.26021661
      0.26199805      0.26076068      0.26164000      0.25634869      0.24843872
      0.24847046      0.25258128      0.25370110      0.25858887      0.26239814
      0.26246313      0.26242113      0.25806481      0.25962799      0.25687589
      0.25687567      0.25690901      0.25294806      0.25240438      0.25035406
      0.25751253      0.26935440      0.26802368      0.26650472      0.26376311
      0.26235167      0.26025863      0.26000985      0.25506677      0.25572721
      0.25999810      0.25470316      0.26690099      0.26917851      0.26853834
      0.27204779      0.27058220      0.26854146      0.26916469      0.27144761
      0.27145005      0.26754254      0.26366931      0.26283564      0.25892282
      0.25881707      0.25950562      0.26019327      0.27234656      0.26890565
      0.27105198      0.26929234      0.26929245      0.27037536      0.26574890
      0.27677387      0.27640569      0.27647437      0.28098770      0.27791055
      0.27651389      0.27730067      0.27839068      0.27826501      0.27960614
      0.28266309      0.29154001      0.29154044      0.29073352      0.27374525
      0.27207771      0.27611897      0.27472238      0.27462194      0.27573747
      0.27573739      0.27555833      0.27804544      0.28231516      0.28289800
      0.29025281      0.28521289      0.28355411      0.28331035      0.28548550
      0.28162502      0.28162453      0.27986691      0.27350563      0.27568087
      0.28201712      0.28179111      0.27765082      0.28159962      0.28268934
      0.28268916      0.27743996      0.27695865      0.27448047      0.26900202
      0.27261689      0.27862316      0.29938891      0.30555712      0.30650476
      0.30123372      0.30223586      0.30207459      0.29426950      0.28586377
      0.29451603      0.30372372      0.29972852      0.29972786      0.29972722
      0.29972662      0.32003550      0.32179015      0.31648956      0.31705658
      0.31535494      0.31877421      0.32585629      0.32167130      0.32014643
      0.32003692      0.32116202      0.32116129      0.32149892      0.33756873
      0.33738944      0.33192030      0.32696947      0.33255994      0.33143330
      0.32986650      0.32939323      0.32742064      0.32584024      0.32686728
      0.32251787      0.31696050      0.31796694      0.33306011      0.33116212
      0.32423784      0.32283065      0.34745208      0.35263745      0.35263687
      0.35263614      0.35309127      0.33456062      0.33370690      0.33529288
      0.31114162      0.30730021      0.30850311      0.33671785      0.34234335
      0.33572176      0.34141256      0.34141678      0.33081439      0.32878276
      0.33083875      0.32300557      0.30584569      0.30264895      0.30252874
      0.30378316      0.30486156      0.30598583      0.33169466      0.33006171
      0.33005864      0.35313640      0.33087597      0.32736287      0.32713123
      0.31700485      0.31526376      0.31589414      0.31068650      0.36521746
      0.36426497      0.36564044      0.36599912      0.36604400      0.36422116
      0.36500552      0.37214642      0.36420063      0.36101515      0.36101380
      0.40409083      0.40480703      0.39192441      0.39009774      0.39009705
      0.38991790      0.39231464      0.38281122      0.38331532      0.39237207
      0.40063496      0.40063945      0.40047048      0.42000243      0.40617786
      0.39195697      0.39013008      0.38996119      0.39129600      0.39207171
      0.38714140      0.37537473      0.37318306      0.37573617      0.38787324
      0.40839818      0.46168383      0.45998017      0.46066208      0.44466973
      0.44279887      0.44349883      0.42603290      0.42412000      0.42411719
      0.41850858      0.41659722      0.41636041      0.41730013      0.44135901
      0.46104574      0.45554187      0.45651578      0.44117216      0.43933184
      0.43917881      0.44013651      0.44012930      0.45448255      0.45853584
      0.44482323      0.44367233      0.44464792      0.44676680      0.46455916
      0.46178119      0.46013367      0.46012425      0.45994414      0.44859826
      0.44681053      0.43413460      0.49297538      0.49066283      0.47904240
      0.47373015      0.47371954      0.47479852      0.47489709      0.49984990
      0.50901755      0.50829886      0.50828957      0.50827927      0.53934807
      0.53576001      0.53548186      0.53632719      0.52159616      0.51970197
      0.52063382      0.51792081      0.51917640      0.51917677      0.52973417
      0.53427016      0.54201400      0.54020800      0.58098442      0.56800794
      0.56719377      0.56719310      0.56719340      0.56701780      0.55347896
      0.55296667      0.54584408      0.54557178      0.53184105      0.55658085
      0.56658014      0.56650931      0.55232453      0.55045375      0.55143739
      0.59524194      0.60099238      0.58895058      0.58712428      0.58698126
      0.58920675      0.58487501      0.57053768      0.56593220      0.59313852
      0.60321832      0.58787965      0.58602081      0.58601303      0.62324541
      0.63737809      0.63663243      0.62369801      0.62161975      0.62257013
      0.62256536      0.60832502      0.60314223      0.60313455      0.60407578
      0.62629343      0.61957472      0.61766499      0.61765789      0.64987149
      0.64914773      0.66965082      0.65491871      0.65306954      0.65306319
      0.63992558      0.63638709      0.63108359      0.63108548      0.63107878
      0.64600319      0.65445247      0.65444588      0.68173021      0.68100128
      0.69203974      0.68959157      0.68958566      0.69026858      0.68654771
      0.67305713      0.67174579      0.66637238      0.66636436      0.66635650
      0.65071690      0.67947741      0.69073763      0.71737764      0.71563404
      0.70279879      0.69710382      0.69264173      0.72173241      0.71960471
      0.70619000      0.70506171      0.69950656      0.69950112      0.69949608
      0.68313997      0.68341146      0.70963197      0.75293176      0.73874718
      0.73499472      0.73489240      0.73555596      0.73036913      0.75355952
      0.75268603      0.75331808      0.73324723      0.73136756      0.71568939
      0.71384847      0.71487951      0.75820137      0.80688922      0.79069652
      0.78886064      0.78885663      0.78885324      0.80391128      0.80301764
      0.80285364      0.78963789      0.78393175      0.78392732      0.76786675
      0.76701353      0.76790448      0.79407411      0.84170308      0.82529670
      0.82344723      0.82344267      0.82343884      0.84063896      0.83981269
      0.83642007      0.83747066      0.82151507      0.82071630      0.80001124
      0.79805032      0.79923087      0.84619808      0.89264992      0.89083884
      0.89083740      0.87507084      0.87314057      0.89119548      0.88939289
      0.88710838      0.87187343      0.87003528      0.85365832      0.85284606
      0.85284088      0.85385157      0.88245338      0.92991282      0.91370895
      0.91188053      0.91187584      0.91187174      0.93009692      0.92865479
      0.92454779      0.91089999      0.90905175      0.89253908      0.89092463
      0.88636046      0.88636127      0.93638968      0.98253116      0.96594026
      0.96410030      0.96409596      0.96391582      0.97911362      0.97836930
      0.97959072      0.97524984      0.94275550      0.93877870      0.93985292
      0.94085970      0.94186700      0.99127836       1.0347624       1.0174754
       1.0155846       1.0155797       1.0153460       1.0171700       1.0113472
       1.0276253       1.0115280      0.99274464      0.99196358      0.99195726
      0.99186220      0.99304510       1.0420410       1.0899715       1.0739938
       1.0720962       1.0730080       1.0679614       1.0685026       1.0818409
       1.0799585       1.0632532       1.0450661       1.0429507       1.0440564
       1.0450992       1.0447773       1.0966368       1.1402361       1.1228305
       1.1207602       1.1218740       1.1218704       1.1218670       1.1343391
       1.1322590       1.1012299       1.0974356       1.0972568       1.0993420
       1.0946711       1.1444158       1.1553176       1.1927217       1.1752282
       1.1733223       1.1731467       1.1740951       1.1740913       1.1892074
       1.1725982       1.1501017       1.1481565       1.1478851       1.1490667
       1.1488046       1.2006661       1.2119858       1.2476768       1.2310349
       1.2291217       1.2291178       1.2299683       1.2251409       1.2426296
       1.2239670       1.2058967       1.2039382       1.2036100       1.2523758
       1.2619596       1.2629941       1.2599000       1.3002444       1.2776509
       1.2757505       1.2764433       1.2729385       1.2729569       1.2795074
       1.2757157       1.2594473       1.3011407       1.3107452       1.3107729
       1.3118771       1.3030853       1.3028452       1.3421325       1.3205081
       1.3186020       1.3186205       1.3186396       1.3186580       1.3264327
       1.3235102       1.3575536       1.3662242       1.3604648       1.3559591
       1.3572487       1.3571366       1.3580050       1.3901460       1.3722173
       1.3703007       1.3703167       1.3701314       1.3710715       1.4299870
       1.4295260       1.4137580       1.4076613       1.4075280       1.4083194
       1.4080779       1.4091775       1.4090677       1.4411104       1.4230088
       1.4220363       1.4220607       1.4712401       1.4572243       1.4841636
       1.4781419       1.4616533       1.4597080       1.4594408       1.4605532
       1.4599215       1.4630805       1.4631132       1.4924280       1.4743620
       1.5218632       1.5250905       1.5250745       1.5081080       1.5338302
       1.5319190       1.5156484       1.5137469       1.5137824       1.5131596
       1.5175746       1.5176128       1.5176508       1.5933147       1.5766062
       1.5747271       1.5747656       1.5580983       1.5573350       1.5878063
       1.5697895       1.5679099       1.5679494       1.5675157       1.5706333
       1.5719152       1.6280696       1.6378942       1.6612887       1.6368369
       1.6348215       1.6358910       1.6191117       1.6172230       1.6507423
       1.6325163       1.6304372       1.6313790       1.6322801       1.6352111
       1.6288943       1.6901278       1.7026299       1.7216782       1.7033198
       1.7013872       1.6847119       1.6828187       1.6828412       1.7027264
       1.7000740       1.6995744       1.7560136       1.7591945       1.7593737
       1.7607402       1.7607605       1.7607811       1.7761432       1.7576836
       1.7557393       1.7391117       1.7384647       1.7403141       1.7546044
       1.7521776       1.8112921       1.8223998       1.8224297       1.8224512
       1.8224734       1.8233910       1.8317932       1.8299275       1.8133142
       1.7958460       1.7862485       1.7862164       1.7699911       1.8767524
       1.8858887       1.8815851       1.8749955       1.8750146       1.8750350
       1.8750572       1.8749783       1.8958070       1.8854058       1.8651298
       1.8461493       1.8986244       1.9089072       1.8925365       1.9347869
       1.9328307       1.9325788       1.9336940       1.9346253       1.9336463
       1.9255031       1.9366515       1.9355401       1.9355597       1.9580425
       1.9634347       1.9639863       1.9483958       1.9464743       1.9926866
       1.9926039       1.9900070       1.9861725       1.9881637       1.9787055
       1.9787284       2.0524344       2.0604089       2.0604434       2.0265950
       2.0248008       2.0214075       1.9999553       1.9980311       2.0538694
       2.0490519       2.0501281       2.0458816       2.0459067       2.0471665
       2.1173565       2.1188920       2.1137426       2.0974263       2.0770672
       2.0778508       2.0778684       2.0609424       2.0589594       2.1159056
       2.1075741       2.1090063       2.1663566       2.1776722       2.1792317
       2.1786259       2.1781415       2.1802525       2.1644836       2.1456100
       2.1429698       2.1232497       2.1227930       2.1258547       2.1693808
       2.1674079       2.2363421       2.2482655       2.2503417       2.2488834
       2.2394937       2.2395100       2.2278779       2.2298101       2.2142104
       2.2122251       2.1955177       2.1935770       2.1924229       2.2957607
       2.3078424       2.3137391       2.3096755       2.3096967       2.2923966
       2.2904877       2.2951012       2.2796192       2.2756720       2.2509254
       2.2354331       2.2347451       2.2347594       2.2950838       2.3588359
       2.3568869       2.3538503       2.3449929       2.3518351       2.3444064
       2.3508783       2.3398315       2.3414442       2.3262685       2.3243518
       2.3074548       2.3055098       2.3055223       2.3581761       2.4288148
       2.4235559       2.4162232       2.4212835       2.4184965       2.4165803
       2.4165941       2.3994204       2.3974695       2.3824102       2.3713368
       2.3735794       2.4445216       2.4544291       2.3862116       2.4326811
       2.4407192       2.4407487       2.4285565       2.4283543       2.4311731
       2.4152881       2.4097283       2.3870862       2.3903482       2.4411638
       2.4489245       2.4489653       2.4489841       2.5154572       2.5246148
       2.5273608       2.5185770       2.4937325       2.4918048       2.4918169
       2.4744441       2.5346486       2.5320861       2.5149436       2.5130002
       2.5182601       2.5199739       2.4945348       2.5510024       2.5640537
       2.5656031       2.5480699       2.5461514       2.5461646       2.5919143
       2.6045582       2.5898796       2.5679629       2.5537851       2.5462335
       2.5510360       2.5526122       2.5526231       2.6264547       2.6358436
       2.6358680       2.6575462       2.6594292       2.6594713       2.6517382
       2.6516650       2.6417770       2.6242453       2.6198219       2.6211183
       2.6211266       2.6211361       2.6211461       2.6337774       2.6954909
       2.6870239       2.7060292       2.7097814       2.6924755       2.6975709
       2.6991208       2.6887152       2.6638673       2.6618934       2.6194958
       2.6688684       2.6773471       2.7446806       2.7696620       2.7554463
       2.7535811       2.7536010       2.7366196       2.7347234       2.7463648
       2.7480167       2.7135218       2.7166558       2.7439223       2.7471760
       2.7472284       2.7583563       2.8285020       2.8189110       2.8170574
       2.8313403       2.8332616       2.8156208       2.8136469       2.8875002
       2.8807326       2.8615606       2.8468989       2.7988453       2.7929815
       2.7929966       2.8039650       2.8577349       2.8767865       2.8786379
       2.8786589       2.9247483       2.9310081       2.9431240       2.9449197
       2.8979297       2.8857514       2.8857552       2.8857659       2.8964892
       2.8493826       2.9044703       2.9122341       2.9773123       2.9855505
       2.9684333       2.9665233       2.9794820       2.9813253       2.9642903
       2.9595722       2.9370843       2.9385449       2.9402560       3.0012007
       2.9429356       3.0024951       3.0103787       3.0247269       3.0094561
       3.0075406       3.0256466       3.0287476       3.0914554       3.0658274
       3.0390943       3.0413208       3.0429916       3.0429962       2.9764839
       3.0354827       3.0433062       3.0433245       3.0261121       3.0460197
       3.0494097       3.0627895       3.1314844       3.1234745       3.1040522
       3.0772940       3.0800328       3.0816742       3.0639753       3.0620691
       3.0822433       3.0830289       3.0784872       3.0950604       3.0971994
       3.1708532       3.1810681       3.1811175       3.1464486       3.1425191
       3.1174885       3.1202038       3.1040597       3.1021392       3.1711587
       3.1435518       3.1766039       3.1828436       3.1828873       3.1976296
       3.1995323       3.1995422       3.1822540       3.1626508       3.1606758
       3.1508496       3.1245685       3.1367289       3.1981729       3.2913518
       3.2334049       3.2245599       3.2245752       3.2245922       3.2246060
       3.2391933       3.2240631       3.2046997       3.2027335       3.2727047
       3.2382309       3.2263372       3.2263418       3.3108600       3.3033588
       3.3014515       3.2658155       3.2607300       3.2738144       3.2756589
       3.2756754       3.3009968       3.3057161       3.3206691       3.3046147
       3.2754890       3.2654097       3.3484533       3.3407104       3.3388009
       3.3530998       3.3033928       3.2964115       3.3686932       3.3791683
       3.3446177       3.3407297       3.3550294       3.3388468       3.3369192
       3.3369207       3.3099536       3.3687928       3.3766807       3.3766951
       3.4508101       3.4613831       3.4078312       3.4145409       3.3820670
       3.3782244       3.3923352       3.3761326       3.3741995       3.3741978
       3.3741971       3.4109491       3.4687248       3.4774925       3.4914091
       3.4931916       3.4540514       3.4486940       3.4314570       3.4119613
       3.4099771       3.4065695       3.4064429       3.4064412       3.4672401
       3.4586268       3.5424781       3.5215494       3.5112271       3.5250853
       3.5268444       3.4795923       3.4553497       3.5057215       3.4455173
       3.4197280       3.4935225       3.5042150       3.5042417       3.4868468
       3.5538811       3.5779022       3.5798233       3.5503142       3.5530161
       3.5130800       3.4885816       3.4866409       3.5956792       3.5846469
       3.5228255       3.5150158       3.5150204       3.5133051       3.5132546
       3.5990427       3.6088155       3.6088407       3.5612129       3.5646979
       3.5745009       3.5741732       3.6169881       3.5968085       3.5373471
       3.5297685       3.5297722       3.5276291       3.5275457       3.5968255
       3.6204883       3.6223614       3.6223810       3.6555700       3.6511062
       3.6143281       3.6069501       3.6314791       3.6275834       3.5701874
       3.5627615       3.5450424       3.5430879       3.5590455       3.6325905
       3.7224218       3.7335551       3.7335767       3.6679438       3.6699884
       3.6718093       3.6360234       3.6479187       3.6498513       3.5918852
       3.5844697       3.5664089       3.6450558       3.7254839       3.7494434
       3.7513380       3.7513615       3.7339427       3.6978183       3.7022727
       3.6411900       3.6819838       3.6799762       3.6799832       3.6892937
       3.6728667       3.6708672       3.6861523       3.7586831       3.7831193
       3.7850256       3.7675983       3.7656709       3.7153588       3.7013049
       3.6983431       3.6982293       3.7706511       3.7798894       3.7041607
       3.6949006       3.6949080       3.7648538       3.8050781       3.8089049
       3.7914562       3.7895283       3.7895395       3.7216662       3.7928168
       3.8009941       3.8008646       3.8008706       3.7832674       3.7813475
       3.7813564       3.7855828       3.8010019       3.8196313       3.8040279
       3.8021003       3.8716339       3.8617823       3.8107811       3.7982221
       3.8136582       3.8155616       3.7979324       3.7960128       3.7960208
       3.7355662       3.7992011       3.8238241       3.8244665       3.8949578
       3.9039236       3.8852441       3.8832958       3.8161467       3.8195623
       3.8369629       3.8211365       3.8192161       3.8192254       3.8192360
       3.8282243       3.8284692       3.8432451       3.9221282       3.9313705
       3.9126773       3.9107326       3.8448855       3.8332014       3.8488693
       3.8486240       3.8486067       3.8486160       3.8486257       3.9269665
       3.9422778       3.9336856       3.9496065       3.9515590       3.9328321
       3.9308839       3.9134177       3.8606812       3.8505783       3.8486043
       3.8642866       3.8662033       3.8662122       3.9502025       3.9571816
       3.9499235       3.9571229       3.9752052       3.9584456       3.9564957
       3.8909534       3.8794677       3.8794547       3.8616698       3.8756158
       3.9652633       3.9756981       3.9811173       3.9791649       3.9614545
       3.9883607       3.9826098       3.9796295       3.9370579       3.9099105
       3.9079780       3.9079584       3.8901397       3.9608152       3.9854613
       4.0032328       4.0084461       4.0064907       3.9887502       3.9867891
       4.0187008       3.9940392       3.9580542       3.9323676       3.9304151
       4.0020272       3.9926532       3.9906694       3.9906511       4.0068053
       4.0350490       4.0253664       4.0076578       4.0056974       4.0056794
       3.9714971       3.9549285       3.9538521       4.0274545       4.0360148
       4.0180875       4.0161461       4.0161293       4.0161127       4.1031330
       4.0561937       4.0306293       4.0286493       3.9802156       3.9681164
       4.0567299       4.0426481       4.0571736       4.0591144       4.0412090
       4.0392687       4.0392418       4.0392147       4.1096781       4.1242185
       4.0599500       4.0015819       3.9917092       4.0480775       4.0715098
       4.0759890       4.0662597       4.0825326       4.0663107       4.0643627
       4.0643283       4.0642943       4.1337476       4.1317589       4.0924523
       4.0947566       4.0952909       4.0761498       4.0907997       4.1611326
       4.0947075       4.1030033       4.0867618       4.0848114       4.0847688
       4.4418701       4.4419018       4.4438370       4.4600565       4.4420217
       4.4278307       4.4435767       4.4192638       4.3431711       4.3329193
       4.2639337       4.3975156       4.3994996       4.4172259       4.4172529
       4.4172792       4.4192172       4.4354262       4.4191346       4.4191184
       4.4188438       4.3857693       4.2342300       4.2440981       4.2927741
       4.3020670       4.3701307       4.3878405       4.3878612       4.3878806
       4.3898119       4.4077063       4.4057509       4.3912041       4.3983565
       4.3000827       4.2164178       4.2648483       4.2668235       4.2827156
       4.2761869       4.3592168       4.3592273       4.3592369       4.3611700
       4.3790873       4.3705148       4.2968957       4.2979460       4.2958405
       4.2346300       4.2346474       4.2366064       4.2543119       4.2543400
       4.2635931       4.3282386       4.3282501       4.3302262       4.3395909
       4.2679674       4.2699050       4.2955692       4.3218143       4.2418633
       4.2178517       4.2198053       4.2375363       4.2394776       4.2551832
       4.2388693       4.2945077       4.2238243       4.2416335       4.2416418
       4.2435596       4.2706861       4.3034521       4.2110636       4.2072649
       4.1945167       4.2122196       4.2141621       4.2317838       4.2213337
       4.1316648       4.1891507       4.2069261       4.2069276       4.2183989
       4.2839209       4.2760698       4.1991719       4.1810912       4.1913044
       4.1935164       4.1865293       4.1275155       4.1274917       4.1255539
       4.1002456       4.1732958       4.1833871       4.2361091       4.2535551
       4.2456815       4.1706834       4.1687360       4.1528202       4.1887291
       4.1667923       4.1163578       4.1163337       4.1163039       4.1066625
       4.0891880       4.1518244       4.1634939       4.2293210       4.2214695
       4.1468741       4.1376384       4.0587640       4.0913962       4.0914355
       4.0936584       4.0936338       4.0936043       4.0858536       4.0639988
       4.0557555       4.1289567       4.1960857       4.1882303       4.1136426
       4.1046837       4.0342022       4.0335744       4.0781593       4.0940442
       4.0789044       4.0788757       4.0711375       4.0391331       4.0372254
       4.0310906       4.1198294       4.1610348       4.0778223       4.0082902
       4.0102213       4.0258310       4.0792378       4.0637728       4.0648029
       4.0647744       4.0570312       4.0123026       4.0122901       4.0124126
       4.0134752       4.0083035       3.9838325       3.9838236       3.9857561
       4.0032133       4.0002125       4.0522098       4.0696660       4.0696306
       4.0600301       3.9894644       3.9802185       3.9077867       3.9078873
       3.9101514       3.9105621       3.9608800       3.9628179       3.9802629
       3.9877625       4.0557519       4.0715489       4.0562397       4.0482945
       3.9690257       3.8866419       3.8866238       3.8886153       3.9035157
       3.9056170       3.9011651       3.9372929       3.9547176       3.9547054
       3.9621482       4.0285658       4.0350411       3.9463897       3.8741187
       3.8722535       3.8577517       3.8558207       3.8439272       3.8797151
       3.8778966       3.8758556       3.9414949       3.9414859       3.9399504
       3.9422555       3.9582593       3.9422788       3.9344227       3.8635209
       3.8616550       3.8473000       3.8511984       3.8871710       3.8853122
       3.8708356       3.8753045       3.8421233       3.8421172       3.8495007
       3.9147891       3.9320783       3.9224785       3.8372616       3.8372512
       3.8353475       3.8228845       3.8430666       3.8604601       3.8516150
       3.7907865       3.7873074       3.8349448       3.8349376       3.8442460
       3.9244381       3.9148056       3.8293187       3.8293062       3.8273399
       3.8142690       3.8253027       3.7805850       3.7825183       3.7981486
       3.7826450       3.7799465       3.8094630       3.8170430       3.8837075
       3.8931902       3.8235490       3.8235118       3.8128073       3.7389957
       3.7550591       3.7424411       3.7617257       3.7772738       3.7635380
       3.7617710       3.7479076       3.7582306       3.7983013       3.8705764
       3.7923092       3.7314946       3.7314811       3.7315933       3.7349875
       3.7369592       3.7564460       3.7736699       3.7701879       3.7443460
       3.7425538       3.7286281       3.7198530       3.6713743       3.7111007
       3.7110866       3.7110740       3.7129938       3.7291841       3.7150625
       3.7188978       3.7513596       3.7356295       3.7221775       3.7115957
       3.6374726       3.6374516       3.6392893       3.6599836       3.6869359
       3.6869195       3.6888326       3.7050013       3.6906885       3.6945648
       3.7291048       3.7186222       3.6463274       3.6445534       3.6297897
       3.6154749       3.6077226       3.5478597       3.6260944       3.6361595
       3.6652712       3.6813119       3.6663458       3.6616142       3.6362818
       3.6362549       3.6344017       3.6213005       3.6175952       3.5893997
       3.5816408       3.5219258       3.5997366       3.5997176       3.6115970
       3.6460563       3.5760707       3.5780225       3.5973715       3.6124875
       3.5978861       3.5978584       3.5978275       3.5977870       3.5882780
       3.5159382       3.5850651       3.5236061       3.5114304       3.5376960
       3.5475061       3.5494646       3.5690507       3.5863211       3.5862924
       3.5843700       3.5696064       3.5695379       3.5535977       3.4347187
       3.4812842       3.4985224       3.5004260       3.5165529       3.5138200
       3.5388326       3.5427436       3.5773936       3.5773248       3.5670903
       3.4934171       3.5019128       3.5591787       3.4775974       3.4777724
       3.4827961       3.4846842       3.5023647       3.5007047       3.4979469
       3.5246859       3.5440887       3.5520783       3.4833623       3.4699601
       3.4739879       3.4805855       3.4116696       3.4116569       3.4135977
       3.4307045       3.4360715       3.4360552       3.4343731       3.4321357
       3.4588583       3.4844759       3.4217576       3.4256614       3.4344672
       3.4267281       3.3560229       3.3416899       3.3436376       3.3608319
       3.3582016       3.2972550       3.2955423       3.2940805       3.3250056
       3.4027748       3.4198063       3.4179563       3.4049850       3.3972163
       3.3284629       3.3202373       3.2551788       3.2571920       3.2775359
       3.2637022       3.2529808       3.2529718       3.2529699       3.2717974
       3.3466360       3.3448347       3.3327059       3.3164757       3.1824598
       3.1824524       3.1806217       3.1716285       3.2049813       3.1940157
       3.1940034       3.1976885       3.2167242       3.2313864       3.2505568
       3.2573190       3.1834526       3.1754612       3.1047997       3.1028887
       3.0886197       3.0904942       3.1099278       3.1252672       3.1141427
       3.1140935       3.1100837       3.0930808       3.0899475       3.1244410
       3.1227838       3.1111295       3.1034356       3.0354078       3.0353969
       3.0372745       3.0515088       3.0363085       3.0530996       3.0446210
       2.9859824       2.9753751       2.9773465       3.0162152       3.1083047
       3.1067385       3.0917833       3.0224872       3.0187414       2.9997464
       3.0082304       2.9454368       2.9485817       2.9485710       2.9485604
       2.9485503       2.9472507       2.9600580       3.0293546       3.0392255
       3.0293961       2.9496258       2.9495876       2.9410762       2.8925831
       2.8925748       2.8999855       2.9369438       2.9369314       2.9353533
       2.9305481       2.9380956       2.9522672       2.9684248       2.9626280
       2.9401862       2.8086195       2.8086101       2.8105344       2.8280772
       2.8341623       2.8570732       2.8787148       2.8825621       2.8808457
       2.8755816       2.8775187       2.8946510       2.8971965       2.8271388
       2.7575832       2.7575737       2.7595052       2.7843555       2.8012504
       2.8176436       2.8107366       2.8273322       2.8273109       2.8272671
       2.8195020       2.7686802       2.7654085       2.7880343       2.7838002
       2.7201919       2.7313998       2.7316082       2.7438102       2.7437969
       2.7457863       2.7670296       2.7617611       2.7518507       2.6809044
       2.6786557       2.6955746       2.7194044       2.7115360       2.6427761
       2.6427653       2.6446857       2.6604765       2.6554159       2.6627484
       2.6680071       2.6724466       2.5961623       2.5961471       2.5980882
       2.6149795       2.6168870       2.6320471       2.6206535       2.5582025
       2.5779385       2.5784565       2.5956638       2.6045209       2.6075572
       2.6095058       2.6166458       2.5563190       2.5563011       2.5569837
       2.5724673       2.5971986       2.5913118       2.5210305       2.5164199
       2.5183323       2.5356370       2.5356221       2.5338451       2.5279482
       2.5241848       2.5070580       2.5082099       2.5101473       2.5268495
       2.5288264       2.5444115       2.5327028       2.4596172       2.4596037
       2.4689965       2.4923771       2.5005044       2.4885809       2.4196464
       2.4216188       2.4369997       2.4339340       2.4343849       2.4540957
       2.4567203       2.4657466       2.3958629       2.3937529       2.4012953
       2.4293989       2.4278391       2.4165234       2.3591730       2.3577404
       2.3581084       2.3731372       2.3751157       2.3920353       2.3920073
       2.3982795       2.4165127       2.3481269       2.3467981       2.3378982
       2.2956066       2.2943461       2.2943205       2.2985663       2.2974899
       2.2972974       2.3114765       2.3133938       2.3286477       2.3301442
       2.3271289       2.2754758       2.2754413       2.2674670       2.2258155
       2.2257920       2.2352497       2.2332591       2.2322723       2.2315959
       2.2366258       2.2552278       2.2571424       2.2727227       2.2721548
       2.2570104       2.1500276       2.1500087       2.1511210       2.1662334
       2.1789341       2.1814060       2.1804740       2.1793578       2.1796083
       2.1815621       2.2000381       2.2163984       2.2060993       2.1438650
       2.0777346       2.0936239       2.1046006       2.1207426       2.1208211
       2.1207986       2.1207779       2.1207582       2.1190913       2.1179789
       2.1155996       2.0830634       2.0992786       2.0992947       2.0992176
       2.0327167       2.0493309       2.0511976       2.0664248       2.0655067
       2.0654841       2.0654619       2.0654311       2.0543220       2.0006300
       2.0038821       2.0445100       2.0426444       2.0336009       1.9656856
       1.9676308       1.9860915       2.0031066       2.0030856       2.0030647
       2.0016976       2.0015175       1.9983354       1.9472680       1.9463990
       1.9490474       1.9816612       1.9816229       1.9739259       1.9071071
       1.9090405       1.9273998       1.9428097       1.9320331       1.8707988
       1.8771147       1.8803489       1.8784333       1.8774886       1.8795631
       1.8977817       1.9139068       1.9061776       1.8388876       1.8378191
       1.8398356       1.8642884       1.8802592       1.8704336       1.8142783
       1.8191984       1.8146525       1.8150842       1.8150415       1.8169164
       1.8349258       1.8509925       1.8422197       1.7757489       1.7757124
       1.7775934       1.7943038       1.7598063       1.7597669       1.7597273
       1.7606246       1.7606157       1.7605771       1.7624737       1.7787366
       1.7806354       1.7879629       1.7211349       1.7211524       1.7179267
       1.6704271       1.6884948       1.7049822       1.7049483       1.7075800
       1.7071847       1.7060705       1.7063350       1.7082760       1.7247577
       1.7256275       1.7340664       1.6652602       1.6160824       1.6160597
       1.6170339       1.6351373       1.6568379       1.6562731       1.6551728
       1.6554133       1.6546201       1.6547501       1.6556517       1.6722852
       1.6629180       1.5615528       1.5606141       1.5608008       1.5607862
       1.5627045       1.5806350       1.5958113       1.6001100       1.5995775
       1.5982870       1.5974081       1.6037285       1.5950517       1.5609971
       1.5543873       1.5033198       1.5033027       1.5032849       1.5032678
       1.5051756       1.5220445       1.5427214       1.5418461       1.5454433
       1.5448741       1.5448443       1.5352362       1.4935363       1.5097937
       1.5040792       1.4531374       1.4531199       1.4522229       1.4523773
       1.4542786       1.4768731       1.4983152       1.4955699       1.4959789
       1.4863924       1.4376226       1.4379442       1.4398915       1.4484289
       1.3833059       1.3978870       1.4034487       1.4025988       1.4026036
       1.4045177       1.4211601       1.4371101       1.4257887       1.3797284
       1.3786979       1.3775120       1.3777771       1.3797101       1.3927007
       1.3257589       1.3414160       1.3414203       1.3404723       1.3406484
       1.3425548       1.3600486       1.3757093       1.3703579       1.3200592
       1.3247253       1.3226324       1.3227988       1.3170753       1.2685328
       1.2706126       1.2860668       1.2860671       1.2860665       1.2849453
       1.2825602       1.2999661       1.3095054       1.2633600       1.2620958
       1.2610477       1.2599338       1.2620363       1.2707597       1.2139412
       1.2158234       1.2286235       1.2289737       1.2340163       1.2330975
       1.2255191       1.2480364       1.2525466       1.2035468       1.2023584
       1.2024449       1.2024382       1.1937483       1.1523485       1.1603133
       1.1768853       1.1827047       1.1808773       1.1811063       1.1811039
       1.1735526       1.1848885       1.1898156       1.1403998       1.1444446
       1.1428552       1.1417676       1.1363460       1.1068458       1.1111862
       1.1099643       1.1107081       1.1242930       1.1244689       1.1244662
       1.1171158       1.1223476       1.1309014       1.0794102       1.0794000
       1.0839503       1.0761696       1.0485557       1.0429661       1.0566134
       1.0540712       1.0562763       1.0708897       1.0708893       1.0708869
       1.0635828       1.0579512       1.0679858       1.0385952       1.0375782
       1.0375739       1.0290563       1.0086327       1.0044053       1.0196400
       1.0166766       1.0190051       1.0334965       1.0257905       1.0134697
       1.0134689       1.0152778       1.0222656      0.97371297      0.97252302
      0.96489594      0.95591860      0.94846557      0.96442096      0.96337017
      0.96114259      0.96344446      0.97779604      0.97779607      0.97779393
      0.97040540      0.95195658      0.96012181      0.93306698      0.93216673
      0.92377285      0.91363272      0.91362935      0.91095769      0.92525414
      0.92541754      0.92631058      0.94090444      0.94090393      0.94090124
      0.93356352      0.90950442      0.91789227      0.87368261      0.87264237
      0.86529759      0.85811216      0.85999033      0.87462068      0.87478113
      0.87565252      0.89085623      0.88955916      0.88972360      0.88981922
      0.88470438      0.85227426      0.85401797      0.82778776      0.82382067
      0.82493168      0.82493162      0.82493156      0.82354501      0.82552670
      0.83893411      0.84105251      0.85560973      0.85448702      0.85200039
      0.80709384      0.80884794      0.82156763      0.81558821      0.77698860
      0.79129450      0.79129206      0.79129058      0.78994909      0.79188163
      0.80536781      0.80908628      0.80840326      0.80840197      0.80745454
      0.76882398      0.76956281      0.78353508      0.78353557      0.77508009
      0.76014938      0.76014958      0.76014099      0.76543709      0.76305508
      0.77763649      0.77762724      0.77025161      0.72034842      0.73314703
      0.73387219      0.74825229      0.74824789      0.75014582      0.75685323
      0.73462478      0.73367355      0.73367223      0.73211262      0.74694266
      0.74694303      0.75076235      0.74246321      0.69074113      0.69148579
      0.70646451      0.72074673      0.72074661      0.72259845      0.73793112
      0.72784652      0.70063680      0.70524058      0.71957761      0.71850005
      0.72299266      0.72243538      0.71513858      0.66183898      0.66567834
      0.69885489      0.69787005      0.69973973      0.71392371      0.71399394
      0.70399425      0.67925435      0.69298498      0.69325638      0.70186867
      0.69238756      0.63357060      0.63374100      0.63373800      0.63372907
      0.63406704      0.64878482      0.66386600      0.66566660      0.67974826
      0.67037067      0.66071897      0.66072070      0.65946631      0.66893042
      0.66703727      0.65945886      0.60999849      0.61336946      0.61225161
      0.60716977      0.63026491      0.63026631      0.63026683      0.63097671
      0.63390224      0.60895170      0.60885657      0.60778208      0.60779838
      0.61822669      0.62924807      0.63156801      0.64111324      0.60401470
      0.59690325      0.60357455      0.60374565      0.60374574      0.60538378
      0.60815202      0.58533845      0.58465488      0.58860035      0.58903284
      0.60273342      0.59663773      0.56925731      0.56925246      0.56828330
      0.56842492      0.56117363      0.56184566      0.56086384      0.56156760
      0.56395822      0.53988912      0.54435312      0.54343072      0.54533423
      0.56369461      0.56369432      0.55607340      0.53692720      0.53622536
      0.52875932      0.51431036      0.51447730      0.51617502      0.51762368
      0.49709400      0.51170252      0.51505999      0.51608517      0.52784840
      0.53277515      0.53199577      0.53065744      0.53082309      0.52352362
      0.50247871      0.48995308      0.49954562      0.49971443      0.49971022
      0.49144799      0.48301806      0.48921763      0.49956753      0.49845684
      0.49863725      0.49863916      0.49133698      0.47888463      0.47817182
      0.48943490      0.48943794      0.48356239      0.46148378      0.45434077
      0.45355390      0.45537387      0.46669153      0.46678139      0.47228704
      0.47238679      0.48681658      0.48551479      0.48567239      0.47871884
      0.47028162      0.47051318      0.46485159      0.45932750      0.46517085
      0.46516987      0.46679882      0.47841911      0.47729148      0.47620989
      0.48210488      0.48163237      0.47613637      0.47501988      0.47875881
      0.47670227      0.46946781      0.45213714      0.45213157      0.44643969
      0.45306052      0.45460160      0.46165631      0.46045362      0.45399907
      0.46337644      0.46179050      0.45962793      0.42177618      0.42212089
      0.42212173      0.42212237      0.42341265      0.42094281      0.41449285
      0.40670818      0.40860618      0.42228826      0.42128144      0.41491718
      0.40726388      0.41137870      0.41183226      0.41380449      0.41427765
      0.41584433      0.42063881      0.40591523      0.40677694      0.40649691
      0.39077807      0.39479641      0.39488203      0.39488261      0.39375754
      0.39386700      0.39539135      0.39957596      0.39351642      0.36777288
      0.36947464      0.37471586      0.38001663      0.38074607      0.38582443
      0.38582509      0.38582585      0.38582667      0.38482299      0.37670357
      0.36805146      0.36980522      0.37015375      0.37031531      0.37433723
      0.37856929      0.37762211      0.37916480      0.38435270      0.37834669
      0.37473220      0.37492723      0.37781422      0.37829605      0.38354574
      0.38354637      0.38245722      0.36043914      0.32361053      0.32383622
      0.33028706      0.32883664      0.32466104      0.32641916      0.32642006
      0.32545576      0.32985856      0.32888562      0.32225259      0.31800831
      0.31065426      0.31505902      0.31650367      0.32137828      0.32155744
      0.32155756      0.32044192      0.32054228      0.32193875      0.32455973
      0.31793869      0.31252792      0.31333553      0.31333527      0.30445840
      0.30140162      0.30006072      0.30018649      0.29909673      0.29831011
      0.29799865      0.30107565      0.29147181      0.29201143      0.29119408
      0.29578952      0.30041711      0.29933527      0.29933614      0.30087572
      0.30672383      0.30184492      0.29563460      0.29494706      0.29770156
      0.29727762      0.29629951      0.29788226      0.29263876      0.29069543
      0.29069265      0.28840950      0.28229593      0.28433786      0.27847720
      0.27949598      0.28020874      0.28113246      0.28418243      0.28436555
      0.28142658      0.28076589      0.28570860      0.28595704      0.28805009
      0.28240488      0.28176313      0.27568917      0.27455220      0.27273323
      0.27207797      0.27331451      0.27682693      0.27459866      0.27473883
      0.27473910      0.27193301      0.27036966      0.27472685      0.26829004
      0.26707034      0.26896844      0.26993790      0.27273589      0.26782572
      0.26779482      0.27119037      0.27498907      0.27463564      0.27587530
      0.27434674      0.27146784      0.27146857      0.27292402      0.27211224
      0.27211263      0.27211350      0.26133668      0.26601841      0.26838551
      0.26773516      0.26339946      0.26451305      0.26366435      0.26443299
      0.26495668      0.26588783      0.26477609      0.26477598      0.26553650
      0.26674514      0.25402082      0.25421982      0.25961569      0.25963305
      0.25828519      0.25842187      0.25842216      0.25740047      0.26023873
      0.25936154      0.25936143      0.26020889      0.25111063      0.25352385
      0.25274140      0.25717856      0.25647235      0.25647252      0.25705618
      0.25827733      0.25597768      0.25644469      0.25677512      0.25672795
      0.24904783      0.25032653      0.24936233      0.24950918      0.24764916
      0.24854430      0.24855172      0.24857672      0.25045334      0.24898887
      0.25034520      0.24878041      0.24195836      0.24271140      0.24797540
      0.24771458      0.24759923      0.24692685      0.24692679      0.24692686
      0.24692677      0.24827173      0.24841814      0.24178747      0.24066913
      0.24299348      0.24351637      0.24133916      0.24372098      0.24243658
      0.24423110      0.24798892      0.24690150      0.24841259      0.24806741
      0.24807314      0.24172894      0.23877098      0.24035089      0.24126490
      0.23974945      0.23886882      0.24026455      0.23954023      0.24508043
      0.24662874      0.24530116      0.24039942      0.24045840      0.24045825
      0.24045818      0.24013885      0.23999834      0.23952309      0.23952302
      0.23833576      0.23842566      0.23724047      0.23720442      0.23729606
      0.24251167      0.24188250      0.23794845      0.23749632      0.23731458
      0.23731443      0.23642985      0.23668143      0.23668090      0.23668070
      0.23667609      0.23553759      0.23962070      0.23877051      0.23823509
      0.23159751      0.23237486      0.23567469      0.23958353      0.23755962
      0.23574475      0.23644973      0.23753200      0.23723675      0.23723655
      0.23723631      0.23706291      0.23703950      0.23007541      0.23073594
      0.22829713      0.23314753      0.23477951      0.23577478      0.23518580
      0.23539268      0.23532775      0.23609719      0.23594409      0.23698213
      0.23675683      0.23065395      0.23035745      0.23153217      0.23030036
      0.23052558      0.22905873      0.23331266      0.23336474      0.23917209
      0.23859748      0.23350731      0.23537967      0.22903274      0.22863904
      0.22872387      0.22956717      0.22816304      0.22827099      0.22827082
      0.22878418      0.22628015      0.23244077      0.23292725      0.23269140
      0.22602753      0.22597773      0.22597929      0.23033548      0.23023232
      0.23004921      0.22904880      0.22817738      0.22833043      0.22921084
      0.22844857      0.22796015      0.22648567      0.22838015      0.22494613
      0.22520950      0.22520724      0.22592641      0.23019785      0.22869037
      0.22877182      0.22815332      0.22875227      0.22319335      0.22404660
      0.22858627      0.22718812      0.22837138      0.22689804      0.22294466
      0.22396863      0.22375039      0.22695910      0.22440158      0.22426256
      0.22294699      0.22377030      0.22360183      0.22360154      0.22455344
      0.22911387      0.22675368      0.22693218      0.22693185      0.22692638
      0.22304234      0.22288782      0.22203129      0.22101449      0.22110738
      0.22244471      0.22227770      0.22227744      0.22227739      0.22694462
      0.22763403      0.22637436      0.22557562      0.22150903      0.22359326
      0.22124777      0.22484533      0.22250229      0.22232363      0.22232364
      0.22232346      0.22232308      0.22463975      0.22866880      0.22261864
