      0.14956778      0.15062902      0.14820056      0.14594929      0.15055657
      0.14965572      0.15163417      0.15163419      0.15163429      0.15244500
      0.14929040      0.14987689      0.14811553      0.14811545      0.14811542
      0.14907540      0.14809909      0.14540596      0.14414725      0.15088546
      0.15028351      0.15101395      0.15121318      0.15243326      0.15243316
      0.15243318      0.15186736      0.15199875      0.15199853      0.15525206
      0.14847145      0.14594219      0.14542816      0.14821765      0.14535606
      0.15111120      0.15110669      0.15110663      0.15055021      0.15047307
      0.15031295      0.14964687      0.14964694      0.15008971      0.14872707
      0.15246835      0.14538083      0.14915909      0.14514261      0.15008177
      0.15007824      0.14974491      0.15086662      0.15086636      0.15030520
      0.15090826      0.15312539      0.14821809      0.14909198      0.15310903
      0.14414745      0.14704992      0.14635973      0.14352625      0.14895506
      0.14758088      0.14756307      0.14653637      0.14732130      0.14732139
      0.14785404      0.14666265      0.14626140      0.14744196      0.14722302
      0.14599751      0.15278451      0.15569828      0.14883083      0.14838837
      0.14893762      0.14840540      0.15061302      0.14782862      0.14820790
      0.14711627      0.14711606      0.14757319      0.14595807      0.14517673
      0.14972337      0.15185214      0.15142101      0.15213143      0.15526187
      0.14785552      0.14738394      0.14855098      0.14855109      0.14949818
      0.14674493      0.14740077      0.14598492      0.14382846      0.14679780
      0.14787908      0.14732893      0.15283024      0.15505218      0.14907568
      0.14907569      0.14907563      0.15208560      0.14494653      0.14659523
      0.14511440      0.14375447      0.14908548      0.14741517      0.14859237
      0.14859234      0.14761473      0.15130665      0.15130659      0.15130663
      0.15130665      0.15135610      0.15180211      0.14447410      0.14636214
      0.14489742      0.14489739      0.14208991      0.14829051      0.14696971
      0.14477616      0.14896050      0.14804169      0.14804158      0.14804165
      0.14804174      0.14711681      0.15152337      0.14541621      0.14542148
      0.14667083      0.13745051      0.14594808      0.14454747      0.14534509
      0.14598910      0.14450480      0.14207860      0.14624420      0.14624440
      0.14580260      0.14671631      0.14671627      0.14986600      0.14388373
      0.14250456      0.14256673      0.14351223      0.14407544      0.13622268
      0.14152023      0.14590484      0.14634601      0.14498395      0.14498404
      0.14445370      0.14546716      0.14848762      0.14184888      0.14071005
      0.14070996      0.13962102      0.14190187      0.14150713      0.14150752
      0.13848993      0.14586518      0.14579827      0.14675055      0.14613725
      0.14585427      0.14629947      0.14518022      0.14518012      0.14518009
      0.14844709      0.14013040      0.14198348      0.14369990      0.13984979
      0.14717582      0.14407953      0.15064507      0.14627166      0.14668533
      0.14555424      0.14555452      0.14555478      0.14555509      0.14555540
      0.14787298      0.14104453      0.14174489      0.14174519      0.13833659
      0.14746480      0.14674561      0.14580495      0.14210591      0.14777115
      0.14854896      0.14379808      0.14379849      0.14379886      0.14348780
      0.14399445      0.14530704      0.14825593      0.13846507      0.14569668
      0.14625674      0.14556404      0.14369389      0.14347719      0.14869371
      0.15003851      0.14593563      0.14486754      0.14700275      0.14700183
      0.14646471      0.14745586      0.15062101      0.14735636      0.15358936
      0.15358349      0.15409216      0.15280346      0.15280112      0.15227406
      0.15331459      0.15507775      0.15255035      0.15074961      0.15229449
      0.15201024      0.15297294      0.14666276      0.14339086      0.15009207
      0.15008036      0.15058286      0.14928239      0.14927821      0.14965487
      0.15338216      0.15454748      0.15166720      0.14858621      0.14519650
      0.14519193      0.14460231      0.15234236      0.15233044      0.15489057
      0.14832053      0.14734394      0.14733866      0.15189135      0.15609263
      0.15608397      0.15607861      0.15600581      0.14824048      0.15325106
      0.15798535      0.15707657      0.15799015      0.15685966      0.15442799
      0.14830838      0.14830793      0.14830273      0.14829729      0.14829225
      0.15704399      0.16163815      0.15854285      0.15759672      0.15957033
      0.16872993      0.17481415      0.17277807      0.17481435      0.16664351
      0.16422442      0.16293988      0.16293610      0.16293081      0.16292545
      0.16249679      0.16337714      0.16296432      0.16356537      0.17759773
      0.17597368      0.17718509      0.17717992      0.17483257      0.17598965
      0.16733461      0.17637790      0.18458317      0.18424468      0.18532569
      0.18532088      0.18310888      0.18116491      0.18251016      0.18250540
      0.18250073      0.18193979      0.19337423      0.19384205      0.19508142
      0.19826305      0.18721819      0.18536635      0.19341154      0.19650353
      0.19345543      0.19344991      0.19344467      0.19291461      0.19401089
      0.19512733      0.19512199      0.19454358      0.19092518      0.19092051
      0.19353340      0.18811008      0.18912143      0.18911610      0.18911079
      0.20119211      0.19971373      0.19403688      0.18685714      0.18721422
      0.18562313      0.18776106      0.18775660      0.18775234      0.18774807
      0.18966053      0.18504717      0.19903718      0.19886272      0.19885888
      0.19885464      0.20191550      0.20952831      0.20155584      0.19359859
      0.18752966      0.19210706      0.19202842      0.19425863      0.18907381
      0.18907745      0.18861850      0.18818060      0.19659913      0.21454577
      0.21754019      0.21469626      0.21469359      0.21469132      0.21420968
      0.20959668      0.20800790      0.21024772      0.19592427      0.20262769
      0.20261009      0.20260387      0.20159262      0.20594988      0.19947014
      0.19946818      0.22316248      0.22919395      0.22918674      0.22918421
      0.23203658      0.22634351      0.22764281      0.22732277      0.23074784
      0.23367422      0.21910472      0.21708556      0.21708597      0.21708364
      0.21708143      0.21707901      0.21707673      0.21974352      0.21673085
      0.23846106      0.24472547      0.24697513      0.25229615      0.25126192
      0.25074575      0.25181865      0.25181748      0.24387388      0.24395951
      0.24396051      0.24257263      0.23089929      0.23057078      0.22586672
      0.22013703      0.24396223      0.25668786      0.26594561      0.26539063
      0.26655866      0.26719465      0.26224127      0.26223925      0.26223723
      0.26065799      0.25949652      0.25798190      0.26006541      0.25242537
      0.25224046      0.25224330      0.25224119      0.28553553      0.29329288
      0.29984427      0.30082448      0.29952004      0.29851905      0.29851925
      0.29685401      0.29561323      0.29561523      0.29508282      0.29395199
      0.28544942      0.28546041      0.28545787      0.27647719      0.27868233
      0.29744231      0.32695043      0.33456273      0.33454938      0.33454678
      0.33200771      0.33078549      0.33039451      0.33154211      0.32958024
      0.33069332      0.32360379      0.32360860      0.32360631      0.32487490
      0.30763019      0.30636714      0.36794949      0.37944315      0.39275616
      0.39152280      0.39153278      0.38897555      0.38850643      0.39177087
      0.38448223      0.38448744      0.38448554      0.38668783      0.38379367
      0.37344099      0.37134583      0.37078928      0.40662167      0.41426946
      0.44261904      0.43447699      0.43299188      0.43277349      0.43232589
      0.43595313      0.42841427      0.42810573      0.42879049      0.42538978
      0.41546364      0.41333541      0.40678916      0.44089200      0.45152485
      0.44412432      0.47447707      0.47263773      0.47263808      0.46801378
      0.46544050      0.47014161      0.46395357      0.46342129      0.45644590
      0.45436653      0.45436562      0.45494920      0.45379957      0.45380395
      0.46683715      0.46365857      0.46867201      0.46387090      0.46166083
      0.46551053      0.45929905      0.46085515      0.46085461      0.45179121
      0.45135395      0.45135367      0.45672311      0.45553536      0.44934354
      0.49167306      0.49761783      0.49133081      0.49098978      0.49548420
      0.48357797      0.48486726      0.48486709      0.48486693      0.47314765
      0.47282739      0.49123457      0.49002639      0.48153242      0.50510514
      0.51746837      0.51591122      0.50367778      0.50656033      0.50033206
      0.50259499      0.49669410      0.49760179      0.48444429      0.48297787
      0.48389618      0.50772404      0.50173487      0.50020992      0.52602277
      0.52883627      0.51801178      0.51876276      0.51239869      0.51384601
      0.51598287      0.50985687      0.51183513      0.49858237      0.49665951
      0.54136603      0.54064709      0.52870179      0.55689070      0.56563391
      0.56563666      0.55157237      0.54933173      0.55011753      0.55100260
      0.55626703      0.53649839      0.53647091      0.53606091      0.53728093
      0.56984089      0.56224332      0.60690443      0.61679852      0.62192856
      0.62002743      0.61229818      0.61152940      0.61153027      0.61152978
      0.61361199      0.59873045      0.59041478      0.59042244      0.61304209
      0.62677837      0.63322776      0.63447153      0.63415394      0.65922694
      0.64485829      0.64402446      0.64402559      0.64402562      0.64402562
      0.64402549      0.63531152      0.62090272      0.64678512      0.68459513
      0.69313300      0.69313140      0.69252143      0.69342911      0.69071345
      0.68796138      0.68796342      0.68796193      0.68796003      0.68795771
      0.68795508      0.67690277      0.74015630      0.74297507      0.74433765
      0.74433479      0.74391789      0.76685607      0.76490785      0.75367128
      0.75121375      0.75245950      0.75245408      0.75244873      0.80690133
      0.80314011      0.79287314      0.78371275      0.77852987      0.77797325
      0.77939926      0.77939393      0.80957192      0.80739658      0.80693678
      0.80817147      0.80756843      0.80846328      0.80845779      0.87198873
      0.85485166      0.85120676      0.85312120      0.84844875      0.84844375
      0.85143382      0.84418055      0.87508965      0.86159823      0.85960345
      0.85901400      0.85937494      0.93867470      0.94786560      0.94787794
      0.91979848      0.91607364      0.91606948      0.91606558      0.91780580
      0.91562896      0.90954212      0.94478890      0.93534112      0.92612412
      0.98861992      0.99650204      0.99651304      0.98430380      0.98247006
      0.96797468      0.96616562      0.96549772      0.96663694      0.97167530
      0.96291236       1.0056464      0.99208934       1.0283834       1.0356442
       1.0356493       1.0349529       1.0232183       1.0213272       1.0213176
       1.0067494       1.0049331       1.0044613       1.0057265       1.0057105
       1.0100740       1.0496844       1.0601054       1.0625195       1.0647542
       1.0581702       1.0444798       1.0425406       1.0425198       1.0424997
       1.0278424       1.0260311       1.0254228       1.0271632       1.0149650
       1.0841024       1.0973925       1.0994733       1.1027065       1.1015646
       1.0811749       1.0792608       1.0792511       1.0792448       1.0792394
       1.0643739       1.0625399       1.0495970       1.1080213       1.1027809
       1.1523085       1.1603053       1.1608799       1.1651732       1.1471428
       1.1481071       1.1423530       1.1423608       1.1423650       1.1423709
       1.1136926       1.1102163       1.1704333       1.1656691       1.2110620
       1.2192880       1.2192905       1.2207763       1.2027298       1.2048770
       1.1999499       1.1999677       1.1999820       1.1867857       1.1851657
       1.2286392       1.2362438       1.2227154       1.2221117       1.2746282
       1.2823871       1.2818506       1.2696751       1.2650354       1.2678930
       1.2624906       1.2506109       1.2484792       1.3090915       1.3182358
       1.3182685       1.3177586       1.2893530       1.3376038       1.3452256
       1.3311639       1.3279609       1.3238787       1.3239157       1.3105414
       1.3088994       1.3680477       1.3771977       1.3763208       1.3791286
       1.3787739       1.3667817       1.4008139       1.4083722       1.4037595
       1.3908861       1.3835873       1.3711153       1.3694549       1.4311900
       1.4408266       1.4408599       1.4408840       1.4409102       1.4409368
       1.4259227       1.4787156       1.4857580       1.4732643       1.4593577
       1.4320995       1.4905625       1.4994152       1.5008297       1.5008573
       1.5008869       1.5009168       1.5009473       1.5009782       1.4872486
       1.5371981       1.5318658       1.5322144       1.5132465       1.5128222
       1.5128606       1.5772522       1.5895562       1.5710137       1.5689641
       1.5689916       1.5690206       1.5550256       1.5533624       1.6072084
       1.6147374       1.6020905       1.6003961       1.6027337       1.6637276
       1.6604267       1.6580949       1.6443135       1.6386459       1.6386820
       1.6387189       1.6387566       1.6235930       1.6625601       1.6688464
       1.6688920       1.7100590       1.7215535       1.7142729       1.7175214
       1.7141895       1.6973488       1.6968756       1.6963114       1.6973953
       1.6827697       1.6668363       1.7233627       1.7315820       1.7778586
       1.7855426       1.7884727       1.7848720       1.7844988       1.7857365
       1.7889900       1.7654539       1.7646520       1.7642436       1.7360188
       1.7325102       1.7905893       1.7985273       1.8496053       1.8604732
       1.8559161       1.8559488       1.8559779       1.8555046       1.8569553
       1.8569801       1.8439847       1.8201948       1.8179096       1.8049221
       1.7989952       1.8633889       1.9229456       1.9325038       1.9325394
       1.9325654       1.9325882       1.9326088       1.9326292       1.9341140
       1.9184269       1.8932901       1.8926301       1.8783667       1.9397833
       1.9962545       2.0046477       2.0046762       2.0047041       2.0047311
       2.0047589       2.0047872       2.0048153       1.9900207       1.9882821
       1.9911687       1.9861407       2.0278422       2.0203351       2.0188099
       2.0709932       2.0780201       2.0780508       2.0780789       2.0781067
       2.0781341       2.0632984       2.0615544       2.0615879       2.0647301
       2.1226280       2.1317364       2.1023676       2.0930363       2.1352639
       2.1407399       2.1418530       2.1433413       2.1433616       2.1285726
       2.1268200       2.1268466       2.1268683       2.1923336       2.1994190
       2.1932275       2.1932579       2.1789059       2.1386798       2.1935753
       2.2006069       2.1999622       2.1873926       2.1858936       2.1872353
       2.1872569       2.2540115       2.2646404       2.2646709       2.2679710
       2.2612887       2.2454180       2.2292918       2.2055883       2.2636713
       2.2559869       2.2551752       2.2552026       2.2552236       2.3273193
       2.3404846       2.3405114       2.3401443       2.3342572       2.3342830
       2.3343013       2.3015416       2.2939762       2.2790852       2.3227480
       2.3291705       2.3291940       2.3964984       2.4081640       2.4112391
       2.4071535       2.4018851       2.4033560       2.4033746       2.3983946
       2.3619395       2.3433028       2.3415486       2.4030662       2.3936580
       2.4597275       2.4716903       2.4728662       2.4754363       2.4768023
       2.4768205       2.4676744       2.4616034       2.4630458       2.4183269
       2.4143052       2.4046416       2.3995431       2.5316608       2.5489403
       2.5319953       2.5301438       2.5301654       2.5301857       2.5302060
       2.5327972       2.5193482       2.5176397       2.5013986       2.4855763
       2.4850910       2.5568561       2.6219521       2.6212430       2.6212857
       2.6213094       2.6034132       2.5926719       2.5870150       2.5722572
       2.5705297       2.5705562       2.5546219       2.5547557       2.6255965
       2.6355160       2.6822781       2.6920903       2.6935879       2.6865829
       2.6835083       2.6865737       2.6716908       2.6699638       2.6699935
       2.6700177       2.6350237       2.7009587       2.6996589       2.6783716
       2.6764622       2.7438207       2.7515384       2.7515678       2.7515926
       2.7366939       2.7416022       2.7431044       2.7487995       2.7389483
       2.7904915       2.8000345       2.8000621       2.8000866       2.7833751
       2.8480823       2.8557350       2.8557625       2.8167022       2.8092917
       2.8093215       2.8093441       2.8062987       2.8544037       2.8522703
       2.8578821       2.8652686       2.8737055       2.8752321       2.9419424
       2.9318388       2.9148831       2.9131479       2.9148503       2.9088395
       2.8873077       2.9526224       2.9626810       2.9297314       2.9260589
       2.9260793       2.9318758       2.9334817       2.9824870       2.9878849
       2.9808062       2.9808504       2.9808768       2.9808960       3.0514272
       3.0614969       3.0615269       3.0049544       2.9952829       2.9953081
       2.9953266       2.9953453       3.0292169       3.0329982       3.0330295
       3.0284813       3.0266534       3.1132560       3.1265089       3.1265343
       3.1265592       3.1105463       3.0916577       3.0898430       3.0898613
       3.0746007       3.1118896       3.0950312       3.0884778       3.0831743
       3.1563143       3.1663796       3.1664075       3.1664318       3.1737053
       3.1595896       3.1577964       3.1418187       3.1406445       3.1415531
       3.2070191       3.2158631       3.1920603       3.2325342       3.2313625
       3.2314075       3.2314351       3.2314562       3.2314768       3.2152912
       3.2134545       3.2002906       3.1997170       3.2012548       3.2752423
       3.2660439       3.3220010       3.3301595       3.3301850       3.2993121
       3.2850863       3.2790878       3.2791248       3.2645431       3.2485505
       3.2468054       3.2484904       3.2497458       3.3168242       3.3800001
       3.3766954       3.3761952       3.3762135       3.3762321       3.3846335
       3.3860671       3.3640154       3.3044663       3.2932715       3.2933027
       3.2933192       3.2958699       3.4362469       3.4537736       3.4366746
       3.4367770       3.4379098       3.4379257       3.4196498       3.4177934
       3.4027770       3.4144989       3.3995399       3.3376273       3.3261431
       3.3859114       3.3929665       3.4617975       3.4589451       3.4586422
       3.4586613       3.4586812       3.4586999       3.4436327       3.4222765
       3.4044140       3.4136080       3.4157126       3.4889229       3.4646118
       3.5212484       3.5015785       3.4854856       3.4850814       3.4918604
       3.4935490       3.4785025       3.4767477       3.4579581       3.4400855
       3.4382434       3.5219336       3.5342505       3.5408226       3.5067410
       3.5642385       3.5784502       3.5320660       3.5227450       3.5075962
       3.5123933       3.5139212       3.4958550       3.4779481       3.5498327
       3.5679696       3.5700715       3.5700912       3.5758057       3.6443213
       3.6351916       3.6170709       3.5976757       3.5906457       3.5927008
       3.5944584       3.5766564       3.6318119       3.6400536       3.6400732
       3.6486115       3.6504396       3.6504551       3.6564632       3.7268041
       3.7080895       3.6474219       3.6323911       3.6383623       3.6398816
       3.6963247       3.6880848       3.6861960       3.6862113       3.6862261
       3.6969860       3.6991599       3.7050255       3.7594996       3.7565448
       3.7310890       3.6971861       3.6910641       3.7768409       3.7888289
       3.7726517       3.7708173       3.7708328       3.7708486       3.7654753
       3.7657844       3.7504971       3.7546755       3.8143060       3.8217709
       3.7959816       3.8217293       3.8332481       3.8351791       3.8190135
       3.8171854       3.8171998       3.8172151       3.8172306       3.8151931
       3.7960160       3.8055465       3.8586598       3.8763979       3.9225692
       3.9239457       3.8917296       3.8964057       3.8815454       3.8796673
       3.8796802       3.8796942       3.8705316       3.8523871       3.8506335
       3.8506484       3.9100866       3.9981860       3.9636410       3.9537813
       3.9282035       3.9220538       3.9137153       3.9137359       3.9137477
       3.8983760       3.8783712       3.8889051       3.8907054       3.8907152
       3.9776809       4.0232568       4.0220189       4.0220601       4.0220851
       3.9752165       3.9635614       3.9635964       3.9482035       3.9464220
       3.9292094       3.9274752       3.9410109       4.0183490       4.0366275
       4.0499710       4.0472378       4.0472706       4.0472940       4.0473137
       4.0053577       3.9822707       3.9804988       3.9805211       3.9805395
       3.9629063       4.0368555       4.0607480       4.0319681       4.0756604
       4.0814144       4.0814466       4.0814734       4.0555308       4.0174638
       4.0262514       4.0281983       4.0282207       4.0282421       4.1041691
       4.0421951       4.0442080       4.0699652       4.1414114       4.1314017
       4.1294753       4.1295015       4.0975797       4.0589537       4.0536159
       4.0536484       4.0536706       4.1300307       4.1402164       4.1402592
       4.0702134       4.0854993       4.0891616       4.1414122       4.1473812
       4.1318149       4.1300416       4.1129534       4.0642542       4.1437346
       4.1556224       4.1556634       4.1556970       4.1040380       4.0948674
       4.0948741       4.1229713       4.1611168       4.1415893       4.1397736
       4.1464615       4.1271336       4.2049249       4.1800306       4.1855747
       4.1876053       4.1393400       4.1314782       4.1314856       4.1437123
       4.1455630       4.1784096       4.1655161       4.1655022       4.1825305
       4.2433156       4.2521356       4.2041383       4.2096093       4.1869853
       4.1808192       4.1808324       4.1808557       4.1943981       4.1806629
       4.2300492       4.2201280       4.2340117       4.3068765       4.3000001
       4.2981445       4.2981867       4.2489908       4.2375280       4.2375599
       4.2375934       4.2376291       4.2356708       4.2358177       4.2871574
       4.2929699       4.3638464       4.3737507       4.3568983       4.3550248
       4.3672426       4.2981231       4.2838622       4.2838965       4.2839298
       4.2683461       4.2801995       4.2821372       4.3335560       4.4148054
       4.4087704       4.4218643       4.4067941       4.4178291       4.3594205
       4.3646765       4.3146800       4.3072160       4.2916886       4.2898911
       4.3038221       4.3810343       4.4424290       4.4390820       4.4390812
       4.4296599       4.4394817       4.4410438       4.3808378       4.3856147
       4.3397921       4.3169373       4.3151294       4.3151401       4.4099677
       4.4224602       4.4047990       4.4597656       4.4577745       4.4709897
       4.4616383       4.4120850       4.3950551       4.4082098       4.3942892
       4.3517243       4.3439853       4.3439865       4.4429703       4.4560845
       4.4857144       4.4819352       4.4952215       4.4805053       4.4194485
       4.4209208       4.4190574       4.4033986       4.4224416       4.3829519
       4.4505015       4.4759920       4.4777206       4.4777200       4.4777126
       4.5114407       4.5091494       4.4332446       4.4222157       4.4222121
       4.4301197       4.4263943       4.4394992       4.4054820       4.4801196
       4.4910303       4.5059620       4.5077175       4.5342371       4.5321910
       4.4704863       4.4437620       4.4418410       4.4260988       4.4242759
       4.4518370       4.5425380       4.5031509       4.4954873       4.5094232
       4.5279227       4.5434811       4.4850454       4.4774512       4.4734804
       4.4564155       4.4387332       4.4369023       4.4369120       4.5121662
       4.5759761       4.5237637       4.5302843       4.5320245       4.5456791
       4.5473760       4.5732740       4.5051550       4.4948048       4.4652447
       4.4532284       4.4532371       4.5290408       4.5532068       4.5549277
       4.5589535       4.5510743       4.5448672       4.5445651       4.5445377
       4.5132903       4.4982362       4.4844037       4.4772340       4.4672203
       4.5444953       4.5545941       4.5546158       4.5698285       4.5877614
       4.7075689       4.6785315       4.6938252       4.6938230       4.6837425
       4.6064824       4.6063743       4.6087044       4.6148547       4.5999314
       4.6833439       4.6833656       4.6836671       4.6898800       4.6879228
       4.6744732       4.6727738       4.6684822       4.5926981       4.5927056
       4.5943659       4.6102903       4.6206228       4.6794454       4.6772003
       4.6754727       4.6686385       4.6669033       4.6558121       4.6430816
       4.6571351       4.5818950       4.5818993       4.5837423       4.6014334
       4.6184983       4.6126720       4.5686475       4.6270849       4.6771472
       4.6586467       4.6451486       4.6432284       4.6179986       4.5401492
       4.5588579       4.5607004       4.5764615       4.5783997       4.6051372
       4.6668465       4.6596166       4.6638576       4.6620987       4.6477898
       4.6368891       4.5527040       4.5221587       4.5133544       4.5170805
       4.5517692       4.5517886       4.5628289       4.6387364       4.6311713
       4.6462899       4.6462923       4.6462901       4.6445608       4.6234697
       4.5464253       4.5297963       4.5020148       4.5176756       4.5195375
       4.5472410       4.5990808       4.6114014       4.5981147       4.5964856
       4.6304583       4.6173447       4.5277739       4.5277860       4.5258568
       4.5145651       4.5285025       4.5153639       4.5229522       4.5605187
       4.5778303       4.5683126       4.5703166       4.5900315       4.6077043
       4.5952266       4.5088794       4.5088813       4.5107104       4.5245298
       4.5109385       4.5061698       4.5663765       4.5551696       4.5333097
       4.5519271       4.5519290       4.5558062       4.5803292       4.5031552
       4.4952140       4.4970339       4.5125935       4.5107242       4.4959462
       4.4907077       4.5491256       4.5284694       4.5331402       4.5200757
       4.5275626       4.4545660       4.4892066       4.4873305       4.4789165
       4.4945288       4.4945261       4.4945348       4.5006793       4.5396525
       4.5274574       4.5197610       4.5244784       4.5146159       4.4437911
       4.4476582       4.4822430       4.4730899       4.4896335       4.4896310
       4.4896313       4.4896435       4.4917011       4.4799922       4.4799726
       4.4723244       4.4641927       4.3913659       4.4078258       4.3971563
       4.4245419       4.3874270       4.4414984       4.4415054       4.4415216
       4.4477154       4.4703752       4.4556602       4.4436210       4.4252926
       4.3470838       4.3661295       4.3661438       4.3609695       4.3394059
       4.3467311       4.3955673       4.3955875       4.4034767       4.4517680
       4.4497722       4.4348417       4.4149853       4.3275142       4.3325852
       4.3531669       4.3459458       4.3521630       4.3443280       4.3837547
       4.3837489       4.3929194       4.4445771       4.4445409       4.4444950
       4.4326100       4.3439312       4.3244575       4.3253558       4.3181348
       4.3260818       4.3203136       4.3119211       4.3173228       4.3617524
       4.4317958       4.4317501       4.4215609       4.3451962       4.3451678
       4.3451370       4.3414174       4.3119078       4.3104180       4.3103832
       4.3025141       4.2834404       4.3059035       4.3403663       4.3383504
       4.4003209       4.3243889       4.3243606       4.3243277       4.3223618
       4.3042662       4.2971158       4.2905995       4.2905718       4.2905381
       4.2848890       4.2993439       4.3682790       4.3443807       4.2704258
       4.2880531       4.2880287       4.2879990       4.2897687       4.2940561
       4.2597004       4.2596806       4.2596568       4.2596233       4.2624330
       4.3624543       4.3441700       4.2668259       4.2532841       4.2550122
       4.2722183       4.2739921       4.2893712       4.2801051       4.2477779
       4.2360353       4.2360103       4.2359689       4.2372637       4.3086792
       4.2217087       4.2216942       4.2198895       4.2093514       4.2293517
       4.2447175       4.2446936       4.2354214       4.1847179       4.1831544
       4.1767133       4.1865722       4.2211155       4.1573408       4.1899361
       4.1899279       4.1917125       4.2022880       4.2114437       4.2114190
       4.2113871       4.2037967       4.1498897       4.1744487       4.1663432
       4.1649661       4.1187941       4.1253515       4.1578903       4.1595999
       4.1698123       4.1695589       4.1695380       4.1695157       4.1694882
       4.1620856       4.1132441       4.1113209       4.1095460       4.0335781
       4.0593662       4.0521600       4.0920934       4.0928946       4.1031939
       4.1028808       4.1082498       4.1082281       4.1082007       4.1007598
       4.0546773       4.0426843       3.9976376       3.9960601       3.9973853
       4.0132626       4.0270335       4.0581657       4.0522968       4.0501186
       4.0477587       4.0477392       4.0477146       4.0496093       4.0497274
       3.9107883       3.9111037       3.9347468       3.9406566       3.9524365
       3.9865514       4.0026291       3.9966169       3.9965961       3.9947607
       4.0055283       4.0054990       3.9972602       3.9337320       3.8640461
       3.8622970       3.8931725       3.9002108       3.9121585       3.9010546
       3.9196047       3.9352713       3.9295518       3.9295269       3.9274179
       3.9230653       3.8511799       3.8602953       3.7880134       3.7865186
       3.8127871       3.8279363       3.8181741       3.8080489       3.8358349
       3.8634734       3.8975508       3.8909744       3.8786515       3.8202317
       3.8220654       3.8306978       3.7554150       3.7571740       3.7722245
       3.7705401       3.7825220       3.7733296       3.8029740       3.7968932
       3.8212015       3.8455063       3.7722883       3.7701699       3.7967859
       3.8051859       3.7285340       3.7436033       3.7435876       3.7435727
       3.7435622       3.7438815       3.7564418       3.7736274       3.7594223
       3.6904668       3.7019315       3.7543852       3.7671715       3.8228113
       3.8378204       3.8303104       3.7571215       3.7571090       3.7559814
       3.7558874       3.7730022       3.7647513       3.7072370       3.7046846
       3.7046662       3.7046336       3.7158541       3.7677716       3.7622240
       3.7678730       3.8013910       3.8013734       3.8013564       3.8018705
       3.7964199       3.6581765       3.6749357       3.6736823       3.6719995
       3.6737470       3.6897421       3.7043275       3.7043161       3.7027829
       3.7142092       3.7450840       3.7450558       3.7368757       3.6812320
       3.6094271       3.6189876       3.6174543       3.6180324       3.6312010
       3.6330424       3.6492329       3.6492176       3.6492019       3.6491800
       3.6491407       3.6503238       3.6011577       3.5938565       3.5942017
       3.6105290       3.6228022       3.6878893       3.6169647       3.6187627
       3.6328834       3.6256151       3.6255962       3.6255739       3.6155145
       3.5423806       3.5476915       3.5542619       3.5709496       3.5824607
       3.5977152       3.5976995       3.5903547       3.5238548       3.5398718
       3.5398512       3.5398300       3.5265670       3.4475145       3.4810958
       3.4856499       3.4856296       3.4910318       3.5387797       3.5387603
       3.5387392       3.5387281       3.5318131       3.4758052       3.4757799
       3.4657153       3.3951891       3.3951753       3.3951546       3.3951023
       3.4095807       3.4460112       3.4783532       3.4767439       3.4709400
       3.4709199       3.4651365       3.4123177       3.4022660       3.3295008
       3.3240860       3.3300998       3.3284005       3.3301403       3.3471057
       3.3667213       3.3833645       3.3893700       3.4151615       3.4077712
       3.4021614       3.3946722       3.2617800       3.2648289       3.2648096
       3.2647849       3.2650954       3.2740640       3.2740463       3.2759355
       3.2944696       3.3111798       3.3111540       3.3111241       3.3015786
       3.2403035       3.1649278       3.1592310       3.1651004       3.1933740
       3.2082786       3.2082614       3.2082447       3.2101492       3.2269635
       3.2288744       3.2441511       3.2313538       3.1551193       3.0952764
       3.0952579       3.0952339       3.0969667       3.1118553       3.1087951
       3.1118752       3.1188871       3.1174010       3.1170184       3.1507130
       3.1407872       3.0766764       3.0861329       3.1020672       3.1020398
       3.1037647       3.1185197       3.1170731       3.1071151       3.0354252
       3.0354067       3.0353737       3.0454266       3.0606747       2.9889084
       2.9893924       3.0052136       3.0214539       3.0231575       3.0421976
       3.0524621       3.0524414       3.0524189       3.0523985       3.0448670
       2.9769311       2.9689881       2.9164724       2.9151739       2.9127306
       2.9167503       2.9614672       2.9600227       2.9660919       2.9752362
       2.9752161       2.9738485       2.9712685       2.9758387       2.9748243
       2.8993815       2.8348670       2.8502165       2.8519685       2.8706070
       2.9019043       2.9006346       2.9006141       2.8991414       2.9044080
       2.9084917       2.9054143       2.8937465       2.8264393       2.8264171
       2.8247601       2.7791739       2.7940631       2.7967523       2.8291850
       2.8291644       2.8291366       2.8350215       2.8353865       2.8353578
       2.8221908       2.7500935       2.7500715       2.7500429       2.7555224
       2.7725177       2.7798448       2.7135022       2.7321618       2.7480331
       2.7547160       2.7514167       2.7513873       2.7407596       2.6740059
       2.6739851       2.6726441       2.6741437       2.6910072       2.6905392
       2.6922739       2.7010378       2.6505505       2.6674573       2.6674282
       2.6736211       2.6665371       2.6010734       2.6010533       2.6010281
       2.6027821       2.6175725       2.6175535       2.6160678       2.6149619
       2.6237724       2.6534505       2.6462040       2.5952313       2.5861251
       2.5282292       2.5250893       2.5250580       2.5268041       2.5416418
       2.5416163       2.5415903       2.5415655       2.5415433       2.5442535
       2.5836751       2.5818259       2.5796830       2.4486662       2.4564015
       2.4535180       2.4552595       2.4700570       2.4700316       2.4700055
       2.4699799       2.4699547       2.4699301       2.4699096       2.4713946
       2.4943322       2.4329125       2.4529376       2.4421419       2.3869094
       2.3977803       2.3981301       2.3981125       2.3980943       2.3980741
       2.3980508       2.3980193       2.3884695       2.3390789       2.3533618
       2.3549860       2.3759527       2.3754331       2.3896713       2.3224843
       2.3224648       2.3210194       2.3214981       2.3214739       2.3214468
       2.3202625       2.3109394       2.2598719       2.2618200       2.2762968
       2.2798083       2.3080350       2.3084456       2.3050351       2.2462328
       2.2429895       2.2417624       2.2421473       2.2412182       2.2404053
       2.2327399       2.1864884       2.1885019       2.2047673       2.2207189
       2.2353633       2.2395046       2.2370534       2.2275453       2.1632106
       2.1623494       2.1614967       2.1687999       2.1573279       2.1161758
       2.1161488       2.1198116       2.1488335       2.1640155       2.1639970
       2.1639783       2.1639592       2.1549156       2.0936796       2.0932944
       2.0966225       2.0356529       2.0333390       2.0350527       2.0477130
       2.0500404       2.0634823       2.0651641       2.0791782       2.0791675
       2.0791557       2.0708501       2.0075116       1.9961989       1.9318307
       1.9318141       1.9322593       1.9512465       1.9509115       1.9658858
       1.9809006       1.9946482       1.9946357       1.9946239       1.9946131
       1.9946030       1.9945952       2.0000768       1.9885297       1.9300808
       1.9395954       1.8723209       1.8848279       1.8873919       1.8992384
       1.9142704       1.9142621       1.9142544       1.9142489       1.9142343
       1.9046163       1.8428997       1.8445781       1.8620288       1.8666620
       1.8795482       1.8783744       1.8729825       1.8235411       1.8355505
       1.8359233       1.8331338       1.8340291       1.8248978       1.7657682
       1.7674289       1.7808216       1.7808021       1.7914624       1.7880882
       1.8037137       1.8056004       1.8123288       1.7589765       1.7595040
       1.7594889       1.7503621       1.6897676       1.6919166       1.7038130
       1.7092314       1.7063880       1.7075894       1.7252564       1.7230393
       1.7249636       1.7380786       1.7386876       1.7522188       1.7351770
       1.6133611       1.6149880       1.6281898       1.6281791       1.6281630
       1.6330899       1.6309407       1.6489847       1.6476998       1.6476834
       1.6484991       1.6625227       1.6672752       1.6070416       1.6011861
       1.5522629       1.5522428       1.5522218       1.5521943       1.5579260
       1.5569366       1.5697900       1.5730718       1.5694219       1.5707538
       1.5859967       1.5912135       1.5327712       1.5456941       1.5383567
       1.4788954       1.4788801       1.4788638       1.4788488       1.4807358
       1.5010960       1.4971964       1.4966438       1.5019731       1.4937941
       1.4547963       1.4669584       1.4651862       1.4657594       1.4585864
       1.4000288       1.4000142       1.3999995       1.4019026       1.4155563
       1.4138974       1.4144391       1.4119770       1.4109551       1.4322422
       1.4278423       1.4278225       1.4329253       1.4310759       1.4238440
       1.3655960       1.3655720       1.3674289       1.3791287       1.3797898
       1.3797492       1.3724525       1.3502696       1.3638089       1.3761741
       1.3813062       1.3791209       1.3836610       1.3809734       1.3737226
       1.3157225       1.3175248       1.3297018       1.3296581       1.3217426
       1.2722424       1.2729092       1.2872004       1.2966757       1.3027283
       1.2984111       1.2988198       1.2987952       1.2987654       1.2933173
       1.2485100       1.2484679       1.2392466       1.1940110       1.1903500
       1.1909070       1.1928690       1.2063274       1.2170462       1.2242679
       1.2212476       1.2212236       1.2200348       1.2204827       1.2149109
       1.1593587       1.1089977       1.1089744       1.1125522       1.1101394
       1.1088745       1.1093039       1.1114484       1.1358970       1.1358731
       1.1344193       1.1349498       1.1336154       1.1454029       1.1586473
       1.0933478       1.0388688       1.0388469       1.0388248       1.0438041
       1.0435801       1.0547895       1.0567116       1.0620634       1.0624578
       1.0624406       1.0610598       1.0538469       1.0228377      0.96512500
      0.96511342      0.96510334      0.96509491      0.96508803      0.96507936
      0.96782653      0.99267756      0.98937709      0.98998585      0.98998687
      0.98144883      0.94363947      0.95065708      0.94881243      0.89253862
      0.89253825      0.89253773      0.89253719      0.89253556      0.89336878
      0.90773663      0.91827691      0.91859458      0.92359938      0.91368446
      0.89648959      0.90897463      0.90896584      0.90835220      0.85480840
      0.85532879      0.85532865      0.85532739      0.85609591      0.86382483
      0.86572566      0.87213989      0.86224600      0.81758507      0.82518279
      0.83420251      0.83298224      0.83339148      0.83323571      0.81300137
      0.80977502      0.80888933      0.80810306      0.81034334      0.82440759
      0.83248541      0.82374219      0.79555339      0.80749866      0.80804470
      0.81997960      0.81228897      0.75927900      0.76297418      0.76043465
      0.76096894      0.75952138      0.76588532      0.76513411      0.77595825
      0.77799213      0.75217956      0.75370454      0.76100622      0.76696336
      0.76604469      0.75743862      0.70755266      0.71118511      0.70755723
      0.70811023      0.71433801      0.71145496      0.72368798      0.72524461
      0.72388964      0.70031707      0.70881107      0.71001923      0.71586945
      0.70539694      0.66339155      0.66339120      0.66339086      0.66852101
      0.67098144      0.66939394      0.66973446      0.67602088      0.67007551
      0.65226176      0.65845335      0.65964094      0.66563311      0.66563328
      0.65700917      0.62346935      0.62346910      0.62191220      0.62812290
      0.62910323      0.62896644      0.62824516      0.62392217      0.62709972
      0.64199200      0.64198769      0.64313744      0.64883507      0.64883735
      0.64052600      0.60766886      0.60820012      0.61438715      0.61457386
      0.61409536      0.62066688      0.62066494      0.62250314      0.62875017
      0.63615081      0.62551812      0.59141543      0.59796718      0.58945987
      0.54976161      0.54845062      0.54794577      0.54825412      0.55579322
      0.55216610      0.55873622      0.56334799      0.56483315      0.57305644
      0.57956433      0.57191682      0.53608465      0.53664990      0.52827782
      0.48342547      0.48332666      0.48387996      0.48388228      0.48387743
      0.49116663      0.48790283      0.49393643      0.49859969      0.49859094
      0.50266146      0.52058666      0.50909327      0.44752169      0.43836420
      0.38262802      0.38354595      0.38354821      0.38354339      0.39063285
      0.38951970      0.39148149      0.39608213      0.39450753      0.39572972
      0.39826885      0.39827127      0.39828379      0.39064373      0.36876531
      0.37251601      0.36626512      0.34470866      0.34471201      0.34470179
      0.35320512      0.35433671      0.35487245      0.35489390      0.34994418
      0.34880023      0.34880044      0.34980099      0.35110383      0.35010020
      0.35108276      0.33867031      0.30837649      0.30838049      0.30840459
      0.31187415      0.31660174      0.31475397      0.31052974      0.31169150
      0.31327115      0.31327306      0.31327503      0.31163577      0.31220056
      0.31103220      0.31158550      0.30232744      0.29709399      0.30438356
      0.30801141      0.31266993      0.30921463      0.32501256      0.32640193
      0.32641498      0.32676737      0.30718903      0.30719156      0.31149245
      0.30945392      0.31048943      0.30516997      0.29898792      0.30187552
      0.30729814      0.31363279      0.31096645      0.31096897      0.31097166
      0.31097416      0.31097673      0.31097858      0.31081921      0.29071097
      0.28963765      0.28436071      0.28468127      0.28338232      0.28907581
      0.28622404      0.28622697      0.28622836      0.28773954      0.29366661
      0.29366904      0.29205200      0.29606454      0.29415769      0.29416462
      0.29418353      0.27948635      0.29488589      0.29266566      0.28632240
      0.27338514      0.27386757      0.27387043      0.27387333      0.27316573
      0.27509402      0.27959589      0.27416421      0.28080498      0.27898117
      0.27897832      0.28416403      0.28193450      0.28201418      0.28313554
      0.28621413      0.28586689      0.27330405      0.26795194      0.26489094
      0.26489489      0.26489857      0.26507280      0.27162214      0.28213764
      0.27821813      0.27822242      0.27822692      0.27823117      0.27609300
      0.27768393      0.27024487      0.26491775      0.26566446      0.26714195
      0.27378141      0.27378555      0.27378965      0.27782501      0.28070119
      0.27808687      0.27809003      0.27869207      0.28207408      0.28207778
      0.28095974      0.27986237      0.28039082      0.28039454      0.28039863
      0.27607540      0.27298396      0.26494800      0.25944586      0.25745266
      0.25427054      0.25302355      0.25401230      0.25601189      0.25657312
      0.25657740      0.25658190      0.25523639      0.25718017      0.25939162
      0.25939555      0.26374312      0.26247591      0.25427039      0.23802801
      0.24612490      0.23805829      0.23406034      0.23406413      0.23284691
      0.23295826      0.23480267      0.23487029      0.23461154      0.23815706
      0.23646721      0.23647074      0.23647435      0.23647675      0.23775932
      0.24017650      0.24834536      0.24630726      0.24467552      0.23858989
      0.22942871      0.22745807      0.22820435      0.21597182      0.21712616
      0.21931969      0.21932408      0.21932869      0.21933348      0.21933366
      0.22545303      0.22281318      0.22409919      0.22778013      0.22669878
      0.22196555      0.21422044      0.21659763      0.20726743      0.20726913
      0.20726989      0.20832300      0.20946423      0.20946584      0.21043887
      0.21700533      0.21444178      0.21445038      0.20770020      0.20729346
      0.20729501      0.20573162      0.20097527      0.20612992      0.20424420
      0.20517971      0.20527766      0.20528067      0.20658029      0.20607645
      0.20608678      0.19938547      0.20265758      0.20896806      0.20800575
      0.20829036      0.20674588      0.20854698      0.20702543      0.20429174
      0.21037841      0.20828329      0.20828622      0.20957555      0.20906755
      0.20907412      0.20284183      0.20610720      0.20294279      0.20195241
      0.20249031      0.20249202      0.20035762      0.20142684      0.19702531
      0.19920446      0.19946503      0.20479515      0.20433318      0.20502660
      0.20446770      0.19723711      0.20702908      0.20408113      0.20276953
      0.20226387      0.20257593      0.20257659      0.20257712      0.19985918
      0.19718066      0.20021450      0.20054149      0.20148325      0.20220327
      0.19991337      0.20054009      0.20054093      0.19984181      0.20667119
      0.20435464      0.20435546      0.20435658      0.20435715      0.20435772
      0.19968495      0.20174173      0.20064882      0.20229065      0.20352162
      0.19619599      0.20004624      0.20507927      0.20121729      0.20953467
      0.20626795      0.20626826      0.20626865      0.20738819      0.20694324
      0.20006237      0.20387720      0.20369867      0.20368869      0.19631383
      0.19933181      0.19933181      0.19972583      0.20378019      0.20246328
      0.20246370      0.20360295      0.21024221      0.20722198      0.20620877
      0.20673939      0.20673961      0.20129156      0.20305631      0.20416248
      0.19661070      0.19867017      0.19906178      0.20351458      0.20084948
      0.20222896      0.20821179      0.20506236      0.20506277      0.20414944
      0.20459166      0.20459188      0.20563379      0.20502739      0.19909098
      0.20166632      0.20086904      0.20227014      0.19964573      0.20076327
      0.20065747      0.20065279      0.20676023      0.20235389      0.20327912
      0.20327966      0.20327973      0.20327993      0.20419895      0.20474754
      0.20419953      0.19896022      0.20113363      0.20138538      0.20138565
      0.20285041      0.20096281      0.20829102      0.20343674      0.20427992
      0.20428046      0.20428080      0.20428130      0.20612011      0.20514621
      0.20514652      0.20985625      0.20321131      0.19992840      0.20128868
      0.20277005      0.20112171      0.20826116      0.20525166      0.20525190
      0.20525199      0.20375796      0.20431377      0.20568918      0.20352755
      0.20754762      0.20166005      0.20381702      0.19815174      0.20077476
      0.20352841      0.20258154      0.20258151      0.20141468      0.20188639
      0.20929292      0.20616268      0.20545248      0.20588384      0.20529820
      0.20088939      0.20787292      0.20720451      0.20674745      0.20674786
      0.20238232      0.20390021      0.20668481      0.20447742      0.20500994
      0.20446101      0.20490370      0.21177140      0.20885787      0.20377894
      0.20623486      0.20645451      0.21117630      0.20957093      0.20480471
      0.20693492      0.20693503      0.20615029      0.20717753      0.20719602
      0.20857018      0.20314136      0.20597471      0.20666522      0.20675637
      0.21296300      0.21399424      0.21057491      0.20575009      0.20805395
      0.20745125      0.20801243      0.20801276      0.20689125      0.20722530
      0.20722885      0.20228998      0.20630664      0.20813915      0.21304029
      0.21440779      0.20895800      0.21072934      0.21072979      0.20844585
      0.20850973      0.20858725      0.20914429      0.20914461      0.20914925
      0.20339435      0.20625616      0.20728620      0.20906735      0.21398776
      0.21360238      0.21276980      0.21277033      0.21189357      0.21245981
      0.21246033      0.21246050      0.21124057      0.21023007      0.20949980
      0.21010210      0.20336454      0.21079174      0.20962771      0.21241803
      0.21039469      0.21039549      0.21039576      0.21215732      0.21157105
      0.20929637      0.21044213      0.21044264      0.21044283      0.21268287
      0.21121328      0.21285469      0.21229230      0.20845129      0.21005239
