      0.23195255      0.23195248      0.23131419      0.23459227      0.23459215
      0.23459211      0.23459214      0.23459219      0.23459224      0.23459206
      0.23300951      0.23311837      0.23311811      0.23311803      0.23150847
      0.23311786      0.23311764      0.23311751      0.23311707      0.23228307
      0.23495824      0.23495822      0.23397185      0.23397177      0.23397173
      0.23397171      0.23397160      0.23397155      0.23397149      0.23137391
      0.23051902      0.23397096      0.23397091      0.23313034      0.23488236
      0.23488223      0.23488217      0.23488295      0.23488328      0.23359335
      0.23514525      0.23514514      0.23374804      0.23374790      0.23374773
      0.23374756      0.23374740      0.23374727      0.23374718      0.23374712
      0.23374707      0.23374704      0.23374704      0.23374698      0.23374689
      0.23345545      0.23292005      0.23435662      0.23435665      0.23435672
      0.23351056      0.23448139      0.23448131      0.23285354      0.23285344
      0.23194213      0.23400215      0.23400204      0.23400202      0.23394570
      0.23400221      0.23400251      0.23295456      0.23730923      0.23294378
      0.23294383      0.23294389      0.23294419      0.23083477      0.23294435
      0.23294466      0.23245575      0.23238049      0.23245528      0.23245524
      0.23245523      0.23155195      0.23505362      0.23505376      0.23341633
      0.23341625      0.23002294      0.23341659      0.23237926      0.23237925
      0.23237923      0.23237923      0.23161314      0.23462662      0.23462657
      0.23462662      0.23462712      0.23462742      0.23428946      0.23546004
      0.23048147      0.23048143      0.23048137      0.22985439      0.23001684
      0.23001682      0.23001693      0.22854160      0.23395239      0.23359541
      0.23395262      0.23395265      0.23395269      0.23395273      0.23395277
      0.23395284      0.23395283      0.23193426      0.23193436      0.22967703
      0.22967702      0.22967701      0.22967697      0.22908117      0.23291160
      0.23291161      0.23291181      0.23291193      0.23291195      0.23291208
      0.23291212      0.23336948      0.23329435      0.22969448      0.22969441
      0.22969451      0.22969455      0.22887397      0.23329534      0.23329550
      0.23329556      0.23329571      0.23329581      0.23329589      0.23276944
      0.23292687      0.23292704      0.23292720      0.23199290      0.23082828
      0.22826442      0.23024694      0.23199303      0.23198567      0.23199312
      0.23199313      0.23026710      0.23341520      0.23341504      0.23341490
      0.23341476      0.23341463      0.23341452      0.23249434      0.23207971
      0.22818306      0.23207993      0.23208002      0.23278600      0.23283784
      0.23283780      0.23283777      0.23283774      0.23283773      0.23283774
      0.23374649      0.23374636      0.23374622      0.23507022      0.23568112
      0.23589238      0.23589256      0.23532680      0.23532674      0.23532667
      0.23589321      0.23589331      0.23589357      0.23589355      0.23589351
      0.23589346      0.23589342      0.23723612      0.23387487      0.23311453
      0.23311448      0.23311441      0.23311435      0.23311430      0.23311426
      0.23260632      0.23680903      0.23680901      0.23680895      0.23680886
      0.23680862      0.23741478      0.23230520      0.23230500      0.23230481
      0.23095257      0.23609848      0.23609823      0.23609814      0.23609806
      0.23609796      0.23609775      0.23609752      0.23609735      0.23609665
      0.23871236      0.24255465      0.24271966      0.23676047      0.23676035
      0.23676022      0.23676007      0.23675990      0.23675969      0.23675945
      0.23675920      0.23675895      0.23675870      0.23675847      0.24239334
      0.24753565      0.24753544      0.24882697      0.24348671      0.24348646
      0.24348622      0.24348599      0.24348578      0.24968040      0.25365387
      0.25519201      0.25519166      0.25519127      0.25519082      0.25519035
      0.25518973      0.25536303      0.25064902      0.25064858      0.25064818
      0.25748019      0.26391822      0.26418254      0.26418194      0.26418145
      0.26418097      0.26418041      0.26417993      0.26417941      0.26417899
      0.26551068      0.26073206      0.27597919      0.28034278      0.27546043
      0.28145476      0.28145426      0.28145375      0.28145307      0.28145250
      0.28145199      0.28284099      0.28284067      0.28358906      0.27869755
      0.27869718      0.27869683      0.27869643      0.29052313      0.29052165
      0.29851582      0.29851525      0.29851471      0.29851426      0.29851388
      0.31413276      0.31413196      0.31473975      0.30964884      0.30964834
      0.30964771      0.30964725      0.30964685      0.30964628      0.30964568
      0.30964500      0.30964417      0.30964341      0.30964283      0.31028970
      0.31370168      0.32036347      0.32036286      0.32036226      0.32036159
      0.32036099      0.32036038      0.32772133      0.33429480      0.33429360
      0.33429282      0.33429198      0.33429097      0.33428995      0.33572221
      0.33089591      0.33089478      0.33089362      0.33089237      0.34212906
      0.34843437      0.34843284      0.34843160      0.34843037      0.34842912
      0.34842771      0.34842632      0.34842492      0.34883183      0.34354648
      0.34354499      0.34354340      0.36949521      0.37720427      0.37720281
      0.37720108      0.37719948      0.37719789      0.37719613      0.37719441
      0.37719269      0.37827908      0.37327830      0.37327652      0.37327473
      0.37327287      0.39865817      0.40114031      0.40113852      0.40694481
      0.40694290      0.40694098      0.40693906      0.40693681      0.40693440
      0.40693241      0.40693049      0.40692836      0.40734961      0.42743577
      0.43199424      0.43199221      0.43199018      0.43198816      0.43565375
      0.43565142      0.43564911      0.43564637      0.43564381      0.43564137
      0.43690963      0.43162045      0.43161812      0.46039138      0.46038943
      0.46038751      0.46038563      0.48253513      0.48900872      0.48900668
      0.48900474      0.48980233      0.48296498      0.48296297      0.48296096
      0.48295894      0.48295694      0.48295497      0.51822244      0.52538717
      0.52538461      0.52538206      0.52537952      0.52537696      0.52537437
      0.52537182      0.52127556      0.52127347      0.52127140      0.52126933
      0.52126727      0.52126522      0.52126319      0.55859379      0.55859140
      0.55858906      0.58751192      0.58750979      0.58750763      0.58750549
      0.58750339      0.58750130      0.58829090      0.58178308      0.65074546
      0.65074521      0.65074532      0.65119532      0.66255921      0.66255754
      0.66255608      0.66255487      0.66255392      0.66255325      0.66255282
      0.71689084      0.71689215      0.71689339      0.71689471      0.71689598
      0.71689730      0.71818349      0.71986942      0.71987032      0.72049795
      0.72049978      0.72050162      0.72050342      0.74963029      0.74963091
      0.74963153      0.74963217      0.74963282      0.74963350      0.74963430
      0.74963547      0.74963704      0.74963761      0.74963814      0.77638952
      0.77639087      0.83113156      0.83113230      0.83198811      0.82722631
      0.82722832      0.82723083      0.82723369      0.82723703      0.82724070
      0.84000120      0.84000282      0.84000449      0.84000624      0.84000804
      0.86209774      0.85731013      0.85731473      0.85731931      0.85732381
      0.85732827      0.85733268      0.85733689      0.89353612      0.90098732
      0.90099249      0.90099618      0.90099954      0.90244835      0.89744044
      0.89744401      0.89744753      0.89745100      0.89745439      0.89745761
      0.89746083      0.89746376      0.97481577      0.97483356      0.97485171
      0.97487007      0.97488826      0.97490615      0.97492389      0.97494106
      0.98704974      0.98705683      0.98706406      0.98707126       1.0448536
       1.0448726       1.0448926       1.0449133       1.0449340       1.0449550
       1.0449758       1.0449964       1.0450165       1.0450364       1.0459591
       1.0411338       1.0629750       1.0629848       1.1188570       1.1206124
       1.1206335       1.1206530       1.1206714       1.1206892       1.1207063
       1.1214890       1.1176576       1.1176731       1.1176879       1.1177023
       1.1177161       1.1177296       1.1177426       1.1177552       1.1177673
       1.1947615       1.2043640       1.2043831       1.2043994       1.2044141
       1.2059037       1.2005070       1.2005208       1.2005345       1.2005480
       1.2005612       1.2005741       1.2005866       1.2005986       1.2521331
       1.2812643       1.2812828       1.2812987       1.2813133       1.2813275
       1.2813414       1.2819510       1.2752296       1.2752429       1.2752560
       1.2752686       1.2752809       1.2752927       1.2753041       1.3219204
       1.3219438       1.3560157       1.3560311       1.3560452       1.3560589
       1.3575273       1.3516288       1.3516419       1.3516548       1.3516674
       1.3516795       1.3516913       1.3517027       1.3929756       1.3930012
       1.4299608       1.4299763       1.4299905       1.4300043       1.4300178
       1.4300313       1.4306721       1.4239783       1.4239909       1.4240031
       1.4240150       1.4240264       1.4240375       1.4634142       1.4634401
       1.4634654       1.4639916       1.4584371       1.5021102       1.5021236
       1.5021369       1.5030098       1.4960867       1.4960990       1.4961109
       1.4961225       1.4961337       1.4961446       1.5412054       1.5412214
       1.5412364       1.5412510       1.5420974       1.5356302       1.5740400
       1.5740532       1.5748605       1.5694343       1.5694465       1.5694584
       1.5694699       1.5694811       1.5694919       1.6204548       1.6204683
       1.6204815       1.6204943       1.6205068       1.6501733       1.6501867
       1.6501999       1.6512938       1.6464823       1.6464942       1.6465061
       1.6465176       1.6465289       1.6465398       1.6966648       1.6966778
       1.6966905       1.6967028       1.6967148       1.7282807       1.7297701
       1.7241634       1.7241762       1.7241886       1.7242008       1.7242127
       1.7242243       1.7242356       1.7242466       1.7740495       1.7740621
       1.7740744       1.7740863       1.7740981       1.8066628       1.8072041
       1.8019697       1.8019826       1.8019953       1.8020076       1.8020196
       1.8020313       1.8020427       1.8020537       1.8526011       1.8526137
       1.8526261       1.8526381       1.8526497       1.8855031       1.8862803
       1.8796451       1.8796579       1.8796706       1.8796829       1.8796949
       1.8797068       1.8797183       1.8797296       1.9291340       1.9291467
       1.9291591       1.9291711       1.9291827       1.9579800       1.9579936
       1.9580069       1.9580200       1.9580328       1.9580453       1.9580575
       1.9580694       1.9580810       1.9580924       2.0065180       2.0065307
       2.0065431       2.0065551       2.0065666       2.0065779       2.0065887
       2.0394526       2.0394656       2.0394784       2.0394908       2.0395030
       2.0395148       2.0395264       2.0395377       2.0928265       2.0928397
       2.0928527       2.0928653       2.0928775       2.0937836       2.1199360
       2.1199494       2.1199626       2.1199755       2.1199882       2.1200006
       2.1200127       2.1200245       2.1200360       2.1731879       2.1732010
       2.1732136       2.1732260       2.1732381       2.1732497       2.2011902
       2.2012036       2.2012169       2.2012299       2.2012427       2.2012553
       2.2012676       2.2012796       2.2012911       2.2543691       2.2543820
       2.2543947       2.2544071       2.2544191       2.2544309       2.2852153
       2.2852291       2.2852427       2.2852560       2.2852692       2.2852818
       2.2852942       2.2853063       2.2853179       2.3369716       2.3369845
       2.3369973       2.3370098       2.3370219       2.3377673       2.3698479
       2.3698618       2.3698756       2.3698893       2.3699027       2.3699156
       2.3699280       2.3713855       2.3663859       2.4201118       2.4201249
       2.4201377       2.4209964       2.4166058       2.4166177       2.4553611
       2.4553754       2.4553895       2.4554033       2.4554168       2.4554300
       2.4559791       2.4507978       2.4508099       2.5052485       2.5005049
       2.5005181       2.5005308       2.5005431       2.5005551       2.5407302
       2.5407447       2.5407587       2.5407726       2.5413507       2.5359813
       2.5359944       2.5360071       2.5360192       2.5833488       2.5833625
       2.5833758       2.5833886       2.5834011       2.5834132       2.6264731
       2.6264876       2.6273787       2.6222041       2.6222180       2.6222315
       2.6222445       2.6222572       2.6222693       2.6692852       2.6692987
       2.6693119       2.6693247       2.6693372       2.6693494       2.7142604
       2.7091343       2.7091480       2.7091612       2.7091740       2.7091865
       2.7091986       2.7092104       2.7092216       2.7550358       2.7550491
       2.7550621       2.7550748       2.7550872       2.7550994       2.7977458
       2.7977594       2.7977724       2.7977849       2.7977971       2.7978090
       2.7978205       2.7978318       2.7978426       2.8390208       2.8390342
       2.8390473       2.8390602       2.8390727       2.8390850       2.8856493
       2.8856627       2.8856754       2.8856877       2.8856997       2.8857111
       2.8857224       2.8857335       2.8857442       2.9251209       2.9251331
       2.9251452       2.9251570       2.9251686       2.9251799       2.9748508
       2.9748641       2.9748769       2.9748893       2.9749012       2.9749129
       2.9749243       2.9749354       2.9766724       3.0111418       3.0111538
       3.0111655       3.0111770       3.0111881       3.0111990       3.0637189
       3.0637323       3.0637450       3.0637572       3.0637690       3.0637805
       3.0637917       3.0638027       3.0638135       3.0962018       3.0962138
       3.0962255       3.0962369       3.0962480       3.0962587       3.1511978
       3.1512111       3.1512238       3.1512360       3.1512478       3.1512593
       3.1512706       3.1512816       3.1749222       3.1749342       3.1749460
       3.1749575       3.1749688       3.1749798       3.1749906       3.2439358
       3.2439487       3.2385464       3.2303027       3.2303145       3.2303261
       3.2303375       3.2303485       3.2673305       3.2679171       3.2635414
       3.2635527       3.2635638       3.2635747       3.2635852       3.3243289
       3.3243417       3.3243541       3.3243660       3.3243777       3.3243892
       3.3252401       3.3515128       3.3515251       3.3515370       3.3515486
       3.3515600       3.3515711       3.3515820       3.3515927       3.4131419
       3.4131547       3.4098965       3.4050880       3.4051009       3.4051125
       3.4051238       3.4371901       3.4372019       3.4372134       3.4372246
       3.4372357       3.4304768       3.4243019       3.4243127       3.4943456
       3.4893498       3.4893630       3.4893752       3.4893872       3.4893988
       3.5173093       3.5099567       3.5034902       3.5035030       3.5035146
       3.5035261       3.5035375       3.5035487       3.5035597       3.5755489
       3.5675988       3.5676114       3.5676239       3.5676361       3.5676481
       3.5814500       3.5814634       3.5814764       3.5814891       3.5815015
       3.5815138       3.5815259       3.5815378       3.5815494       3.6404707
       3.6404837       3.6404964       3.6405089       3.6405210       3.6556984
       3.6557135       3.6557279       3.6557419       3.6557554       3.6557688
       3.6557819       3.6557947       3.6558072       3.6558194       3.7182613
       3.7182742       3.7182868       3.7124588       3.7124774       3.7124941
       3.7125094       3.7125239       3.7125379       3.7125513       3.7125644
       3.7125773       3.7125899       3.7126022       3.7126143       3.7835202
       3.7835330       3.7835456       3.7835579       3.8076198       3.8007212
       3.7947121       3.7947265       3.7947402       3.7947535       3.7947663
       3.7947790       3.7947915       3.7948038       3.7711876       3.8462796
       3.8462927       3.8463056       3.8463182       3.8593346       3.8593513
       3.8593666       3.8593810       3.8593948       3.8594082       3.8594212
       3.8594340       3.8594467       3.8594592       3.7859879       3.8537147
       3.8637558       3.8637853       3.8638081       3.8638272       3.8638440
       3.8638594       3.8638738       3.8638876       3.8639011       3.8639142
       3.8639271       3.8639399       3.8639525       3.9470356       3.9493002
       3.9426775       3.9427003       3.9427193       3.9427362       3.9427517
       3.9427663       3.9427803       3.9427940       3.9428073       3.9428205
       3.9428335       3.9428465       3.9212695       3.9993927       4.0091569
       4.0091861       4.0092088       4.0092277       4.0092445       4.0092599
       4.0092745       3.9888300       3.9830945       3.9831079       3.9831212
       3.9831344       3.9831474       3.9831602       4.0692769       4.0793195
       4.0793490       4.0525474       4.0459321       4.0459491       4.0459647
       4.0459796       4.0459940       4.0460081       4.0460219       4.0460356
       4.0460492       4.0460626       4.0460758       4.0618656       4.0607988
       4.0608290       4.0608524       4.0608719       4.0608893       4.0609052
       4.0609204       4.0609351       4.0609494       4.0609634       4.0079735
       3.9987216       3.9987349       4.0828720       4.0926651       4.0926952
       4.0927187       4.0927384       4.0927560       4.0927722       4.0927877
       4.0928027       4.0928173       4.0928316       4.0387358       4.0295752
       4.0295888       4.0296023       4.1150972       4.1249496       4.1249801
       4.1250037       4.1250235       4.1250411       4.1250573       4.1250727
       4.1250876       4.1251020       4.1251161       4.0691110       4.0600622
       4.0600756       4.0600888       4.1472217       4.1572902       4.1573210
       4.1573447       4.1573645       4.1573821       4.1573983       4.1574136
       4.1574283       4.1574425       4.1574563       4.1574698       4.1574831
       4.0965538       4.1719962       4.1817840       4.1818144       4.1818377
       4.1818572       4.1818744       4.1818900       4.1819044       4.1819179
       4.1819305       4.1819423       4.1819532       4.1819633       4.1819724
       4.1210874       4.1978510       4.2076916       4.2077156       4.2077313
       4.2077420       4.2077493       4.2077539       4.2077562       4.2077567
       4.2077555       4.2077530       4.2077495       4.2077454       4.1466075
       4.2227205       4.2324922       4.2325053       4.2325106       4.2325111
       4.2325083       4.2325029       4.2324958       4.2324873       4.2324781
       4.2324684       4.2324585       4.2324488       4.2324392       4.2324299
       4.2576366       4.2586061       4.2586160       4.2586186       4.2586166
       4.2586114       4.2586037       4.2585941       4.2585833       4.2585717
       4.2585597       4.2585475       4.2585353       4.2585233       4.3447858
       4.2924342       4.2837745       4.2837697       4.2837651       4.2837560
       4.2837441       4.2837307       4.2837165       4.2837021       4.2836878
       4.2836737       4.2836601       4.2836470       4.2836343       4.3705653
       4.3173029       4.3086291       4.3086213       4.3086172       4.3086090
       4.3085982       4.3085857       4.3085722       4.3085583       4.3085442
       4.3085301       4.3085164       4.3085029       4.3952289       4.4050991
       4.4051056       4.3412899       4.3325074       4.3324949       4.3324882
       4.3324783       4.3324670       4.3324541       4.3324403       4.3324260
       4.3324116       4.3323974       4.4170124       4.4266141       4.4266194
       4.4266178       4.3621541       4.3534019       4.3533898       4.3533819
       4.3533704       4.3533576       4.3533434       4.3533285       4.3533134
       4.3532983       4.3532835       4.4400714       4.4499529       4.4499578
       4.4499556       4.4499499       4.3829469       4.3739261       4.3739129
       4.3739041       4.3738917       4.3738780       4.3738634       4.3738483
       4.3738329       4.4601002       4.4698813       4.4698848       4.4698810
       4.4698738       4.4048921       4.3960519       4.3960374       4.3960268
       4.3960126       4.3959976       4.3959819       4.3959658       4.3959495
       4.3959332       4.4835735       4.4935049       4.4935080       4.4935039
       4.4934961       4.4325073       4.4238114       4.4934661       4.4206421
       4.4109145       4.4108960       4.4108830       4.4108718       4.4108628
       4.4970555       4.5068380       4.5068499       4.5068548       4.5068565
       4.4514150       4.4425449       4.4425354       4.5068539       4.5068534
       4.4319595       4.4221824       4.4221736       4.4221679       4.4221637
       4.5097949       4.5197014       4.5197171       4.5197251       4.5197294
       4.4687021       4.4595273       4.5197337       4.5197343       4.4478082
       4.4383246       4.4383169       4.4383121       4.4383086       4.5248973
       4.5346642       4.5346804       4.5346890       4.5346937       4.5346964
       4.4834395       4.4742006       4.5347001       4.5347010       4.4629486
       4.4536556       4.4536480       4.4536437       4.4536407       4.5432033
       4.5533165       4.5533341       4.5533433       4.5533483       4.5533513
       4.5533530       4.5533541       4.5533549       4.5533555       4.4808867
       4.4716051       4.4715975       4.4715931       4.5585163       4.5683128
       4.5683300       4.5683391       4.5683442       4.5683471       4.5683488
       4.5093662       4.5683506       4.5683511       4.5683517       4.4952867
       4.4859848       4.4859774       4.4859732       4.5743148       4.5842076
       4.5842253       4.5842345       4.5842397       4.5842425       4.5842439
       4.5842445       4.5842449       4.5842451       4.5842454       4.5116075
       4.5024321       4.5024245       4.5898406       4.5995110       4.5995284
       4.5995374       4.5995423       4.5995449       4.5995461       4.5995466
       4.5995467       4.5995467       4.5995468       4.5995472       4.5995478
       4.5995487       4.6048196       4.6047845       4.6047962       4.6048031
       4.6048071       4.6048090       4.6048095       4.6048092       4.6048084
       4.6048074       4.6048065       4.6048056       4.6048051       4.6048048
       4.5292246       4.6087551       4.6186425       4.6186575       4.6186676
       4.6186747       4.6186796       4.6186826       4.6186845       4.6186856
       4.6186862       4.6186865       4.6186866       4.6186868       4.6186870
       4.6299088       4.6302012       4.6302126       4.6302214       4.6302280
       4.6302327       4.6302356       4.6302373       4.6302380       4.6302383
       4.6302382       4.6302378       4.6302374       4.6302370       4.6581537
       4.6515361       4.6420176       4.6420227       4.6420277       4.6420317
       4.6420343       4.6420356       4.6420361       4.6420359       4.6420353
       4.6420345       4.6420335       4.6420326       4.6670195       4.6670196
       4.6619798       4.6524579       4.6524589       4.6524610       4.6524628
       4.6524636       4.6524636       4.6524629       4.6524618       4.6524605
       4.6524590       4.6524575       4.6755088       4.6755068       4.6755055
       4.6721700       4.6626194       4.6626178       4.6626178       4.6626179
       4.6626174       4.6626164       4.6626148       4.6626130       4.6626110
       4.6626090       4.6835382       4.6835321       4.6835287       4.6835263
       4.6833222       4.6739295       4.6739256       4.6739238       4.6739226
       4.6739210       4.6739190       4.6739167       4.6739142       4.6739118
       4.7018706       4.6922086       4.6922013       4.6921970       4.6921940
       4.6921912       4.6831900       4.6831841       4.6831809       4.6831785
       4.6831759       4.6831732       4.6831703       4.6831676       4.7715440
       4.7085115       4.6988262       4.6988130       4.6988045       4.6987990
       4.6987953       4.6918864       4.6918790       4.6918746       4.6918714
       4.6918682       4.6918652       4.6918623       4.7800384       4.7800370
       4.7154545       4.7057489       4.7057359       4.7057279       4.7057229
       4.7099474       4.7002155       4.7002071       4.7002021       4.7001983
       4.7001950       4.7001919       4.7873746       4.7873726       4.7984783
       4.7221649       4.7124338       4.7124210       4.7124129       4.7985107
       4.7179076       4.7081784       4.7081642       4.7081552       4.7081493
       5.0652506       5.0652456       5.0652394       5.0652316       5.0652218
       5.0652088       5.0651899       5.0555350       4.9603140       4.9603276
       4.9699597       5.0531293       5.0531266       5.0531235       5.0531196
       5.0531148       5.0531086       5.0531007       5.0530904       5.0530768
       5.0530569       5.0434197       4.9482567       4.9482651       4.9482786
       4.9578855       5.0404910       5.0404881       5.0404846       5.0404801
       5.0404743       5.0404665       5.0404563       5.0404424       5.0404219
       5.0307653       4.9350067       4.9350120       4.9350204       4.9350334
       4.9445979       5.0262717       5.0262683       5.0262640       5.0262584
       5.0262510       5.0262412       5.0262277       5.0262075       5.0165346
       4.9211446       4.9211470       4.9211499       4.9211541       4.9211616
       4.9306996       5.0115017       5.0114974       5.0114920       5.0114847
       5.0114749       5.0114612       5.0114406       5.0017046       4.9064847
       4.9145889       4.9145838       4.9145777       4.9145697       4.9145594
       4.9160190       4.9963055       4.9962994       4.9962915       4.9962812
       4.9962670       4.9962460       4.9864404       4.8910732       4.8910742
       4.9085677       4.9085615       4.9085536       4.9085432       4.9085294
       4.9085095       4.9799427       4.9799343       4.9799235       4.9799091
       4.9798880       4.9700852       4.8764256       4.8764262       4.9033607
       4.9033544       4.9033463       4.9033359       4.9033219       4.9033018
       4.8936766       4.9647534       4.9647420       4.9647270       4.9647055
       4.9548811       4.8611521       4.8611522       4.8611522       4.8979874
       4.8979795       4.8979691       4.8979551       4.8979350       4.8882767
       4.8705570       4.9488610       4.9488457       4.9488240       4.9390249
       4.8457316       4.8457316       4.8457315       4.8931282       4.8931200
       4.8931094       4.8930952       4.8930748       4.8834036       4.8457221
       4.8548788       4.9314945       4.9314725       4.9216658       4.8283937
       4.8283935       4.8283932       4.8283928       4.8877133       4.8877026
       4.8876884       4.8876680       4.8780107       4.8283780       4.8283746
       4.8376769       4.9138575       4.9040620       4.8109974       4.8109970
       4.8109965       4.8109959       4.8830204       4.8830096       4.8829952
       4.8829747       4.8733110       4.8109788       4.8109722       4.8109652
       4.8202050       4.8861834       4.7938379       4.7938376       4.7938373
       4.7938368       4.7946454       4.8771966       4.8771825       4.8771621
       4.8674769       4.7938204       4.7938125       4.7938023       4.7937887
       4.7930904       4.7794458       4.7794488       4.7794541       4.7794626
       4.7888508       4.8713836       4.8713698       4.8713499       4.8614126
       4.7750187       4.7750104       4.7749987       4.7749821       4.7716919
       4.7716931       4.7716939       4.7716944       4.7716952       4.7716974
       4.7810176       4.8615982       4.8615784       4.8515783       4.7612541
       4.7612550       4.7612559       4.7612569       4.7612579       4.7612588
       4.7612595       4.7612601       4.7612615       4.7612649       4.7708451
       4.8528683       4.8528545       4.8528346       4.8430283       4.7544150
       4.7544162       4.7544176       4.7544194       4.7544215       4.7544236
       4.7544258       4.7544282       4.7544313       4.7544362       4.7636766
       4.8428609       4.8428412       4.8331615       4.7458063       4.7458073
       4.7458086       4.7458103       4.7458122       4.7458142       4.7458162
       4.7458180       4.7458196       4.7458212       4.7458235       4.7549982
       4.8333472       4.8236684       4.7364719       4.7364728       4.7364739
       4.7364755       4.7364774       4.7364795       4.7364816       4.7364836
       4.7364854       4.7364871       4.7364896       4.7459788       4.8268819
       4.8172062       4.7301791       4.7301798       4.7301808       4.7301822
       4.7301839       4.7301857       4.7301874       4.7301888       4.7301897
       4.7301896       4.7301885       4.7301861       4.7393967       4.8078828
       4.7210186       4.7210192       4.7210201       4.7210214       4.7210230
       4.7210247       4.7210264       4.7210278       4.7210286       4.7210282
       4.7210257       4.7210204       4.7210095       4.7205254       4.7107365
       4.7107371       4.7107379       4.7107392       4.7107406       4.7107422
       4.7107437       4.7107448       4.7107452       4.7107443       4.7107412
       4.7107353       4.7107238       4.7105679       4.7033135       4.7033135
       4.7033137       4.7033143       4.7033153       4.7033164       4.7033175
       4.7033184       4.7033188       4.7033178       4.7033147       4.7033077
       4.7032934       4.6936263       4.6164188       4.6930821       4.6930821
       4.6930825       4.6930831       4.6930838       4.6930844       4.6930847
       4.6930842       4.6930822       4.6930779       4.6930696       4.6930538
       4.6833811       4.6062947       4.6818977       4.6818968       4.6818962
       4.6818958       4.6818955       4.6818950       4.6818941       4.6818924
       4.6818891       4.6818834       4.6818736       4.6818562       4.6721760
       4.5951517       4.6705265       4.6705242       4.6705220       4.6705201
       4.6705181       4.6705159       4.6705132       4.6705096       4.6705042
       4.6704964       4.6704842       4.6704640       4.6607683       4.5836011
       4.6549113       4.6549065       4.6549016       4.6548966       4.6548912
       4.6548852       4.6548783       4.6548702       4.6548604       4.6548485
       4.6548343       4.6654710       4.7393075       4.6531746       4.6531657
       4.6531569       4.6531481       4.6531393       4.6531304       4.6531213
       4.6531118       4.6531015       4.6530897       4.6530757       4.6530587
       4.6604793       4.6869840       4.6008504       4.6008429       4.6008355
       4.6008281       4.6008207       4.6008131       4.6008053       4.6007969
       4.6007876       4.6007767       4.6007639       4.6077641       4.6346686
       4.6250033       4.5390116       4.5390028       4.5389935       4.5389837
       4.5389733       4.5389623       4.5389506       4.5389385       4.5473639
       4.6204024       4.6203854       4.6203643       4.6203361       4.6106402
       4.5247501       4.5247394       4.5247287       4.5247179       4.5247071
       4.5246961       4.5246847       4.5246729       4.5246610       4.5312960
       4.5591299       4.5591090       4.5590799       4.5490919       4.4611456
       4.4611355       4.4611254       4.4611153       4.4611051       4.4610947
       4.4610841       4.4679542       4.4949414       4.4949278       4.4949118
       4.4948915       4.4948630       4.4848815       4.3965616       4.3965521
       4.3965424       4.3965328       4.3965230       4.3965132       4.3965031
       4.3964927       4.4048972       4.4692566       4.4692430       4.4692270
       4.4692067       4.4691783       4.4595720       4.3745452       4.3745345
       4.3745234       4.3745119       4.3744999       4.3744874       4.3744742
       4.3744601       4.3744451       4.3744286       4.3884351       4.4701043
       4.4700728       4.4601971       4.3735777       4.3735646       4.3735515
       4.3735383       4.3735250       4.3735114       4.3734975       4.3734830
       4.3734676       4.3734507       4.3818208       4.4335716       4.4335401
       4.4236226       4.3361036       4.3360905       4.3360774       4.3360641
       4.3360507       4.3428077       4.3674809       4.3674666       4.3674517
       4.3674358       4.3674184       4.3673988       4.3673752       4.3673443
       4.3575318       4.2716994       4.2716864       4.2716733       4.2716602
       4.2792655       4.3054635       4.3054495       4.3054347       4.3054191
       4.3054019       4.3053824       4.3053589       4.3053282       4.2954610
       4.2085180       4.2085051       4.2084920       4.2084788       4.2165671
       4.2423290       4.2423150       4.2423006       4.2422855       4.2422697
       4.2422524       4.2422331       4.2422099       4.2421798       4.2323715
       4.1528628       4.1668727       4.1668598       4.1668468       4.1668335
       4.1668199       4.1668059       4.1667912       4.1667758       4.1667590
       4.1667401       4.1725726       4.1813297       4.1714966       4.0855486
       4.0855363       4.0855238       4.0855112       4.0854983       4.0854852
       4.0854719       4.0854581       4.0854438       4.0854288       4.0854124
       4.0853940       4.0853720       4.0853431       4.0755485       4.0020363
       4.0342533       4.0342412       4.0342288       4.0342162       4.0342033
       4.0341901       4.0341763       4.0341618       4.0341459       4.0341279
       4.0341063       4.0340779       4.0242305       3.9384532       3.9384416
       3.9384298       3.9384177       3.9384054       3.9383928       3.9383800
       3.9466854       3.9704545       3.9704401       3.9704243       3.9704063
       3.9703848       3.9703568       3.9605668       3.8758351       3.8758235
       3.8758115       3.8825564       3.8927478       3.8927352       3.8927222
       3.8927087       3.8926944       3.8926788       3.8926611       3.8926397
       3.8926118       3.8827521       3.7970868       3.7970748       3.8041194
       3.8178153       3.8178030       3.8177907       3.8177781       3.8177651
       3.8177517       3.8177375       3.8177220       3.8177044       3.8176826
       3.8247269       3.8225894       3.7378745       3.7378628       3.7378510
       3.7378389       3.7378266       3.7378141       3.7378012       3.7377878
       3.7377736       3.7377581       3.7377404       3.7377170       3.7425791
       3.7377585       3.6522458       3.6522343       3.6522227       3.6522109
       3.6521990       3.6521869       3.6521746       3.6521618       3.6521467
       3.6570811       3.6603462       3.6603286       3.6603075       3.6602801
       3.6505165       3.5660049       3.5659937       3.5659823       3.5659704
       3.5696770       3.5711584       3.5711460       3.5711331       3.5711193
       3.5711041       3.5710868       3.5710659       3.5710387       3.5612684
       3.4761462       3.4761352       3.4761241       3.4761128       3.4761014
       3.4760897       3.4760778       3.4760654       3.4760526       3.4760389
       3.4827830       3.4880629       3.4880420       3.4880150       3.4783291
       3.3943485       3.3943376       3.3943266       3.3943154       3.3943039
       3.3942922       3.3942800       3.3942673       3.3942537       3.3996635
       3.4004755       3.4004546       3.4004277       3.3907261       3.3061718
       3.3061610       3.3061501       3.3061390       3.3061278       3.3061162
       3.3061044       3.3060920       3.3060790       3.3114386       3.3100573
       3.3100399       3.3100190       3.3099923       3.3003910       3.2168854
       3.2168745       3.2168634       3.2168522       3.2168407       3.2168288
       3.2168165       3.2229700       3.2219436       3.2219283       3.2219109
       3.2218902       3.2218637       3.2122345       3.1281536       3.1281428
       3.1281318       3.1281206       3.1281092       3.1280975       3.1280855
       3.1342762       3.1328365       3.1328225       3.1328070       3.1327896
       3.1327688       3.1327425       3.1231941       3.0400435       3.0400326
       3.0400214       3.0400099       3.0399981       3.0399859       3.0399732
       3.0452740       3.0446304       3.0446151       3.0445977       3.0445770
       3.0445510       3.0349543       2.9511476       2.9511367       2.9511256
       2.9511142       2.9511026       2.9510906       2.9510782       2.9568571
       2.9558180       2.9558037       2.9557882       2.9557707       2.9557501
       2.9557243       2.9461915       2.8633573       2.8633464       2.8633353
       2.8633238       2.8633121       2.8700395       2.8693528       2.8693394
       2.8693254       2.8693101       2.8692929       2.8692724       2.8692468
       2.8594041       2.7738945       2.7738838       2.7738727       2.7738613
       2.7738497       2.7738378       2.7738255       2.7789805       2.7783232
       2.7783092       2.7782940       2.7782769       2.7782568       2.7782316
       2.7686848       2.6852169       2.6852062       2.6851952       2.6851839
       2.6851724       2.6851605       2.6906861       2.6895586       2.6895453
       2.6895312       2.6895159       2.6894988       2.6894785       2.6894534
       2.6799329       2.5967982       2.5967872       2.5967760       2.5967645
       2.5967526       2.5967405       2.6048011       2.6039613       2.6039473
       2.6039322       2.6039153       2.6038953       2.6038704       2.5943237
       2.5105242       2.5105134       2.5105023       2.5104908       2.5104792
       2.5104673       2.5104549       2.5104422       2.5104289       2.5162180
       2.5149130       2.5148961       2.5148766       2.5148511       2.5053316
       2.4217668       2.4217556       2.4217443       2.4217327       2.4217208
       2.4217086       2.4216960       2.4216828       2.4272217       2.4266557
       2.4266386       2.4266183       2.4265931       2.4170623       2.3374774
       2.3374637       2.3374495       2.3374348       2.3374185       2.3373987
       2.3329307       2.3329179       2.3329046       2.3386072       2.3370093
       2.3369919       2.3369713       2.3369457       2.3274691       2.2539321
       2.2539185       2.2539045       2.2538898       2.2538736       2.2538540
       2.2443650       2.2508914       2.2500433       2.2500281       2.2500110
       2.2499906       2.2499654       2.2404821       2.1802861       2.1721406
       2.1721268       2.1721126       2.1720979       2.1720817       2.1720624
       2.1626079       2.1566441       2.1566296       2.1566138       2.1616543
       2.1610598       2.1610342       2.1516233       2.0896160       2.0896024
       2.0895886       2.0895745       2.0895599       2.0895440       2.0895250
       2.0803222       2.0689504       2.0742413       2.0727672       2.0727463
       2.0727206       2.0633134       2.0191745       2.0117240       2.0117107
       2.0116967       2.0116825       2.0116677       2.0116516       2.0116325
       2.0024876       1.9806395       1.9875861       1.9867863       1.9867686
       1.9867474       1.9774056       1.9405927       1.9345145       1.9345013
       1.9344878       1.9344724       1.9344540       1.9248060       1.8967067
       1.8966922       1.8966774       1.9003141       1.8987177       1.8986970
       1.8890974       1.8594031       1.8511391       1.8511265       1.8511135
       1.8511000       1.8510862       1.8510720       1.8510562       1.8510372
       1.8417865       1.8069183       1.8125875       1.8116914       1.8116708
       1.8024122       1.7761996       1.7761799       1.7726136       1.7726004
       1.7725866       1.7725726       1.7725580       1.7725416       1.7725221
       1.7633353       1.7230700       1.7291828       1.7282842       1.7282638
       1.7190666       1.6961911       1.6961774       1.6961631       1.6961483
       1.6961330       1.6961173       1.6961006       1.6960822       1.6960609
       1.6871786       1.6405479       1.6405306       1.6405100       1.6368032
       1.6215465       1.6215295       1.6215117       1.6214931       1.6214736
       1.6214530       1.6214303       1.6214051       1.6213748       1.6126670
       1.5548999       1.5548845       1.5548675       1.5601372       1.5502867
       1.5489411       1.5489186       1.5488965       1.5488754       1.5488558
       1.5488379       1.5488220       1.5488081       1.5487867       1.5453756
       1.4808239       1.4808082       1.4807919       1.4807744       1.4807564
       1.4807380       1.4807189       1.4806993       1.4806788       1.4806568
       1.4806322       1.4806029       1.4713640       1.4067133       1.4059431
       1.4059211       1.4058985       1.4058756       1.4058520       1.4058284
       1.4058050       1.4057819       1.4057596       1.4057386       1.4057187
       1.4057004       1.4104559       1.4000639       1.3353915       1.3353720
       1.3353522       1.3353323       1.3353124       1.3352929       1.3352740
       1.3352560       1.3352391       1.3352237       1.3352096       1.3351970
       1.3404255       1.3397105       1.3305711       1.2652106       1.2651979
       1.2651848       1.2651715       1.2651578       1.2651440       1.2651299
       1.2651157       1.2651012       1.2650863       1.2650699       1.2703910
       1.2596149       1.1872420       1.1872190       1.1871979       1.1871688
       1.1866715       1.1866574       1.1866428       1.1866276       1.1866119
       1.1865956       1.1865786       1.1865608       1.1865419       1.1932724
       1.1922903       1.1827967       1.1185846       1.1227802       1.1213642
       1.1126753       1.1090569       1.1090408       1.1090248       1.1090089
       1.1089934       1.1089785       1.1089642       1.1089508       1.1089383
       1.1140360       1.1134188       1.1134084       1.1044424       1.0546650
       1.0457626       1.0410848       1.0410724       1.0410596       1.0410466
       1.0410333       1.0410200       1.0410065       1.0459242       1.0452021
       1.0451849       1.0356913      0.98646490      0.98644863      0.98643276
      0.98641689      0.97732078      0.96264461      0.96263210      0.96261960
      0.96260725      0.96259523      0.96799720      0.96683632      0.96682685
      0.96681812      0.96681135      0.95727419      0.92065920      0.92065481
      0.91131590      0.88563639      0.88562943      0.88562275      0.88561637
      0.88561028      0.88560449      0.89151454      0.89034748      0.89034247
      0.89033774      0.89033327      0.89032907      0.89032518      0.88119818
      0.84593176      0.81958094      0.81957856      0.81957660      0.81957504
      0.81957387      0.81957306      0.82627583      0.82543638      0.82543624
      0.82543618      0.82543613      0.81630596      0.79096975      0.79097183
      0.79097392      0.79097604      0.78191568      0.75189223      0.75189133
      0.75189028      0.75188908      0.75188773      0.75188627      0.75876728
      0.75791479      0.75791316      0.75791155      0.75790993      0.74921738
      0.73065588      0.73065794      0.72148541      0.69370302      0.69370127
      0.69369956      0.69369795      0.69369647      0.69369514      0.69369400
      0.70084547      0.70025482      0.69156415      0.67328987      0.67329188
      0.67329388      0.66403038      0.63609988      0.63610107      0.63610254
      0.63610434      0.63610619      0.63610817      0.63611035      0.62581639
      0.61104452      0.61104657      0.60803229      0.55848724      0.55848949
      0.55849154      0.55849364      0.55849570      0.55849779      0.55064252
      0.53593549      0.53593745      0.53593944      0.53594139      0.52930894
      0.51603797      0.52118227      0.52005799      0.52006037      0.52006257
      0.52006478      0.52006703      0.51093594      0.50684885      0.50110171
      0.48064511      0.48064710      0.48064910      0.48065108      0.48065303
      0.48065497      0.48065686      0.48065873      0.48168319      0.45936084
      0.45936287      0.45936482      0.45936679      0.45936874      0.45937068
      0.45937260      0.45937451      0.45937645      0.45937835      0.45938023
      0.45938210      0.45273185      0.44527705      0.44527893      0.45030459
      0.44926734      0.44926926      0.44927110      0.44927294      0.44927479
      0.44927666      0.44927859      0.44928049      0.44928241      0.44928429
      0.44928615      0.44928797      0.43121992      0.39025226      0.39025347
      0.39673525      0.38622338      0.37568775      0.37568941      0.37569095
      0.37569247      0.38083816      0.37962248      0.37133168      0.36204832
      0.36204986      0.36703866      0.36617956      0.36618033      0.36618104
      0.36618168      0.36618224      0.36618276      0.36618325      0.36618370
      0.35448314      0.33143723      0.33143850      0.33143943      0.33144031
      0.33144116      0.33144199      0.33144266      0.33144331      0.33144393
      0.32973644      0.32973679      0.32973719      0.32973770      0.32855297
      0.32855450      0.32855601      0.32855753      0.32855905      0.32833956
      0.32833983      0.32002149      0.31413776      0.31413827      0.31758167
      0.31705235      0.31705293      0.31705362      0.30793721      0.30069737
      0.30069754      0.30069788      0.29520822      0.29520992      0.28788417
      0.28641807      0.29137301      0.29021066      0.29021133      0.28987813
      0.28987836      0.28987853      0.28987868      0.28987882      0.28987939
      0.28282322      0.27944035      0.27184803      0.26911602      0.27270089
      0.27237209      0.27155871      0.27452789      0.27305268      0.27305289
      0.27305356      0.26749584      0.26749612      0.26749738      0.26101892
      0.25832607      0.26005997      0.25972258      0.26364060      0.26284148
      0.26284256      0.25832839      0.26217604      0.26141040      0.26141290
      0.25652347      0.25151551      0.25151602      0.25389204      0.25287711
      0.25287751      0.25287789      0.25287830      0.25636224      0.25545937
      0.25546156      0.25051331      0.24723299      0.24723320      0.24723342
      0.24723378      0.24900867      0.24761911      0.24761934      0.24761993
      0.24723525      0.24351719      0.24678103      0.24573329      0.24573379
      0.24573399      0.24573429      0.24573447      0.24573452      0.24845770
      0.24754641      0.24754630      0.24754619      0.24754609      0.25013788
      0.24929200      0.24929220      0.24929238      0.24929237      0.24929237
      0.24929239      0.24662720      0.24662730      0.24662740      0.24662749
      0.24662759      0.24662769      0.24662781      0.24662790      0.24340266
      0.24340263      0.24340261      0.24340260      0.24340258      0.24282879
      0.24275320      0.23951168      0.24182350      0.24049454      0.23951166
      0.23951165      0.24047775      0.23963721      0.23963720      0.23963720
      0.23963721      0.23963719      0.23963718      0.23963718      0.23426380
      0.23966384      0.24025746      0.23918439      0.23918426      0.23918414
      0.24231790      0.24148422      0.24148423      0.24148441      0.24148447
      0.24148455      0.24148462      0.23562374      0.23633070      0.23633070
      0.23633069      0.23633070      0.23884027      0.23794762      0.23794753
      0.24114114      0.23960408      0.24205694      0.24116289      0.24116295
      0.24116292      0.23960300      0.23638604      0.23638583      0.23638583
      0.23638579      0.23638574      0.23657705      0.23638584      0.23638586
      0.24289149      0.24209984      0.24209987      0.24242195      0.24210005
      0.24210016      0.23683871      0.23775052      0.23775028      0.23775009
      0.23774997      0.23774982      0.23774982      0.23908641      0.23849644
      0.23849651      0.23849646      0.24287598      0.24379394      0.24275172
      0.23781001      0.23917809      0.23917807      0.23917799      0.23917790
      0.23917781      0.23917764      0.23917756      0.23917729      0.24023209
      0.23917685      0.24427358      0.24331843      0.24550863      0.24493898
      0.23956311      0.24088602      0.24088605      0.24088609      0.24088614
      0.24088622      0.24088632      0.24088637      0.24088641      0.24088643
      0.24088642      0.24133614      0.24630997      0.24518192      0.24518175
      0.24518160      0.23881883      0.23983175      0.23983160      0.23983147
      0.23983181      0.23983177      0.23983174      0.23983176      0.23983177
      0.24139840      0.24000109      0.24637151      0.24585732      0.24585742
      0.24046693      0.24114858      0.24114855      0.24114832      0.24114806
      0.24114771      0.24114740      0.24114714      0.24114692      0.24114673
      0.24179721      0.24114646      0.24667764      0.24566861      0.24033081
      0.24102151      0.24102158      0.24102156      0.24102161      0.24102183
      0.24102178      0.24162627      0.24122736      0.24122751      0.24122774
      0.24695423      0.24656156      0.24656134      0.24656108      0.24122829
      0.24122835      0.24122847      0.24117186      0.24117174      0.24177013
      0.24117169      0.24117168      0.24117165      0.24117164      0.24117165
      0.24708616      0.24579080      0.24579081      0.24579084      0.24579094
      0.24055437      0.24055446      0.23958284      0.23961836      0.23958245
      0.23958228      0.23958219      0.23958210      0.23958205      0.24541637
      0.24488071      0.24488081      0.24488094      0.24488096      0.24488099
      0.24488101      0.24318571      0.24092408      0.24092405      0.24092397
      0.24092391      0.24092378      0.24092371      0.24639722      0.24513845
