      0.24724506      0.24635254      0.24686727      0.24686909      0.24100556
      0.24692885      0.24636626      0.24757503      0.24517117      0.24406947
      0.24844355      0.24844305      0.24844252      0.24844211      0.24869644
      0.24783024      0.24945978      0.24020883      0.23926952      0.23926943
      0.23926939      0.23926954      0.23743409      0.24427876      0.24318023
      0.24649839      0.24649841      0.24467315      0.24725290      0.24588088
      0.24599065      0.24215533      0.24223907      0.24158249      0.24168748
      0.24580191      0.24275423      0.24218653      0.24052729      0.24542115
      0.24542116      0.24592417      0.24551027      0.24570585      0.23753843
      0.23872836      0.23872868      0.23770812      0.24434920      0.24352444
      0.24303286      0.24368633      0.24448232      0.24457129      0.24106963
      0.23813867      0.24213811      0.24213803      0.24213820      0.24262461
      0.24152468      0.24721368      0.24713285      0.24791469      0.24231060
      0.24314512      0.24314540      0.24261961      0.24397208      0.24568556
      0.24167067      0.24167088      0.23932840      0.24368985      0.24391938
      0.24856513      0.24295067      0.24350813      0.24159914      0.24340006
      0.24459334      0.24493640      0.24408051      0.24351527      0.24489678
      0.24696720      0.24102419      0.24048164      0.24666669      0.24009706
      0.24293569      0.24293576      0.24348518      0.24242601      0.24232793
      0.24328314      0.24273757      0.24354382      0.24354367      0.24354346
      0.24298488      0.24446700      0.24831013      0.25064196      0.24142363
      0.24201528      0.23882730      0.24239108      0.24300893      0.24185646
      0.24137427      0.24216735      0.24109912      0.24337418      0.24349988
      0.24863768      0.24911694      0.25114946      0.24833689      0.24147272
      0.24200481      0.23920096      0.24305439      0.24406686      0.24181151
      0.24281889      0.24281849      0.24267338      0.24685782      0.24649700
      0.24699956      0.24770352      0.24954799      0.24762938      0.24268024
      0.24089189      0.24239013      0.24238991      0.24278694      0.24237043
      0.24049338      0.24104081      0.24572154      0.24571888      0.24571859
      0.24478192      0.24664482      0.24406378      0.24070509      0.24425444
      0.24360070      0.24360080      0.24381132      0.24371750      0.24911679
      0.24911605      0.24857601      0.24971781      0.25002903      0.24644117
      0.24456260      0.24456221      0.24351054      0.24577182      0.24757995
      0.24593976      0.24491343      0.24697403      0.25560463      0.25560545
      0.25560555      0.25582269      0.25118512      0.25218317      0.25044323
      0.24994200      0.25063651      0.25055466      0.25069095      0.25135637
      0.25135587      0.25189772      0.25109645      0.25010595      0.25086093
      0.25294377      0.25295101      0.25004068      0.25156875      0.25077608
      0.25077602      0.25050067      0.25648011      0.25691610      0.25700223
      0.25602764      0.25049012      0.24918643      0.24786986      0.24559169
      0.25122908      0.25204627      0.25204576      0.25140028      0.25770961
      0.25864745      0.25728928      0.25569464      0.25454858      0.24859090
      0.24859449      0.25273669      0.25165197      0.25802610      0.25874568
      0.25874557      0.25874540      0.25874491      0.25874453      0.25483554
      0.25623890      0.25499588      0.25013791      0.25172830      0.24883017
      0.25164344      0.25050053      0.25376872      0.25377045      0.25376996
      0.25650666      0.25669681      0.25589650      0.25323657      0.25890328
      0.25092414      0.25213343      0.25187862      0.24754480      0.25236771
      0.26084165      0.25950468      0.26112610      0.27037632      0.27037812
      0.27037756      0.26655803      0.25955573      0.25341983      0.25815435
      0.26566497      0.27159840      0.27023404      0.27208732      0.26845077
      0.26845055      0.27274287      0.27891671      0.27607891      0.27309410
      0.27321344      0.26327960      0.27441797      0.27390089      0.27340486
      0.27925114      0.28866941      0.28866987      0.28756659      0.28822759
      0.28189794      0.28021045      0.28021059      0.28876624      0.27910682
      0.28411196      0.29234720      0.29234761      0.29234767      0.29610830
      0.29386568      0.28615258      0.28650609      0.28773107      0.29499170
      0.29268697      0.29268684      0.29234117      0.28715499      0.28715575
      0.28715658      0.29901965      0.29737278      0.29073563      0.28894703
      0.30962186      0.30572267      0.30676044      0.30620913      0.30714606
      0.30213757      0.30037767      0.30590045      0.31800854      0.30915620
      0.30164811      0.30164829      0.30186694      0.30515996      0.30300738
      0.30463038      0.30069305      0.30160033      0.30150246      0.30805521
      0.33785120      0.33655838      0.33072804      0.31661543      0.31586133
      0.30687047      0.32270334      0.32055924      0.32059149      0.33531249
      0.34541210      0.34766427      0.34476631      0.34560980      0.34956638
      0.34779673      0.32756143      0.32489900      0.32135632      0.31758187
      0.34955666      0.34870730      0.34870660      0.34870619      0.36530600
      0.37226047      0.37223740      0.37275119      0.37246726      0.37073160
      0.37073011      0.35633180      0.33716275      0.34758605      0.37046358
      0.36812446      0.36898938      0.38559346      0.39453771      0.39453625
      0.39663887      0.39309077      0.39516657      0.39047371      0.39047193
      0.36560822      0.35654002      0.37273648      0.39221928      0.39053264
      0.39053159      0.38997300      0.39070000      0.40948592      0.41797041
      0.41796866      0.41205049      0.41172127      0.40061324      0.37976415
      0.37272464      0.41198875      0.41265768      0.41265681      0.41265638
      0.43105620      0.43913508      0.43855830      0.44037682      0.43093729
      0.42927881      0.41510119      0.39966803      0.39746881      0.41860551
      0.43383512      0.43257182      0.45252835      0.45954955      0.45954931
      0.45954920      0.45954916      0.45954915      0.44759133      0.43141191
      0.42873408      0.41637081      0.41472311      0.45577613      0.47876065
      0.47551511      0.47635235      0.47571458      0.47702887      0.47702810
      0.47702724      0.46503911      0.46342059      0.44804454      0.43172173
      0.43012635      0.47047276      0.49490865      0.50221977      0.50340341
      0.50005536      0.49773132      0.49865825      0.49866551      0.48385921
      0.48168462      0.46733340      0.45149398      0.44998826      0.50519112
      0.52363021      0.52202065      0.52201693      0.52107780      0.52291128
      0.52357944      0.51797815      0.51041595      0.50892115      0.49365698
      0.49760526      0.50208718      0.50157235      0.48624427      0.48468159
      0.53866953      0.53706661      0.53621137      0.53803770      0.53803576
      0.53658313      0.53741360      0.53843808      0.50964735      0.51179167
      0.51178924      0.49641579      0.49445778      0.54467363      0.54319887
      0.54319667      0.54231279      0.55947308      0.56328365      0.56183747
      0.56175579      0.53221800      0.53017023      0.52609594      0.51008916
      0.50859974      0.55851464      0.55814425      0.55814165      0.55763678
      0.57744341      0.58023340      0.57876833      0.57876763      0.54993091
      0.54211721      0.54255162      0.52796590      0.52657214      0.59061381
      0.59373648      0.59373409      0.59324332      0.59359116      0.58749519
      0.58603688      0.58603621      0.57348609      0.54861072      0.54698965
      0.54727908      0.55225449      0.61274981      0.61524295      0.61524216
      0.61524124      0.61477449      0.60316090      0.60171052      0.60143066
      0.58180478      0.60098800      0.59213725      0.58673939      0.58673811
      0.56986957      0.63120997      0.63374556      0.63374211      0.63339597
      0.63424919      0.62288495      0.61659299      0.62017735      0.62706120
      0.62741959      0.60955269      0.60796233      0.60866966      0.65181230
      0.65516219      0.65719582      0.65672002      0.65758597      0.65768361
      0.63663371      0.63509564      0.61902206      0.64586903      0.65662693
      0.65662735      0.65662541      0.64085663      0.70501137      0.70679513
      0.70769102      0.70645826      0.69281988      0.68667497      0.68667714
      0.68667717      0.65609083      0.65326804      0.65318179      0.64549660
      0.64757909      0.64757994      0.71105277      0.71936430      0.71470394
      0.71583300      0.77947777      0.78029131      0.77871495      0.76430969
      0.74615107      0.74466902      0.74466507      0.76134860      0.76471007
      0.76470755      0.76470594      0.76470500      0.76584112      0.74740123
      0.74122700      0.74026944      0.74147864      0.70968216      0.70679685
      0.70678989      0.75589701      0.77085180      0.77841710      0.77842941
      0.77843056      0.77801208      0.77881730      0.75754713      0.75292902
      0.75396573      0.72169436      0.71980424      0.71980131      0.78055994
      0.78612751      0.78613415      0.80133877      0.81198678      0.79527059
      0.79387800      0.78953121      0.78953282      0.78859359      0.76068055
      0.75421438      0.75411441      0.75465492      0.75465440      0.82410192
      0.81316320      0.81170755      0.81171232      0.81171543      0.81193226
      0.82146956      0.80196527      0.79990143      0.79989627      0.79932990
      0.79939355      0.86559290      0.87149202      0.85607472      0.85472363
      0.85737393      0.85261281      0.85229204      0.84693749      0.83009767
      0.81254646      0.81109812      0.81119317      0.79206404      0.83871581
      0.88973803      0.90308195      0.90309908      0.90310159      0.90310299
      0.90310423      0.90473527      0.87740064      0.85872106      0.85720577
      0.85720172      0.83866654      0.89613290      0.90102924      0.90147812
      0.88373050      0.88423606      0.88423541      0.88423615      0.92018333
      0.91828154      0.91847928      0.91220618      0.89468412      0.89550314
      0.93676232      0.94100812      0.94101224      0.92467304      0.92265512
      0.92348834      0.92339332      0.91047204      0.89499946      0.89371994
      0.89371938      0.89371990      0.89466454      0.95140692       1.0041515
       1.0183424      0.99874604      0.98039862      0.97897374      0.97964960
      0.96390730      0.96197954      0.94738964      0.94541624      0.94584536
      0.94695776       1.0132393       1.0187104       1.0194381      0.99715606
      0.99577144      0.97862690      0.95933546      0.98230634      0.98858416
      0.97188594      0.97148836      0.97149974      0.97193930      0.97277704
      0.97213928       1.0411644       1.0311935       1.0256502       1.0083814
       1.0068708      0.99012300      0.98865150      0.97284024      0.97141146
      0.99431764       1.0639756       1.0702195       1.0710200       1.0549715
       1.0544766       1.0553840       1.0488850       1.0334149       1.0161355
       1.0147241      0.99829120      0.99686000      0.99685660      0.99685480
      0.99685404       1.1363702       1.1549238       1.1544936       1.1379786
       1.1377406       1.0986065       1.0957132       1.0793245       1.0778878
       1.0767031       1.0790899       1.0790886       1.0790877       1.0790875
       1.0800552       1.1275261       1.1319654       1.1314320       1.1161209
       1.1147493       1.0979782       1.0964879       1.0973487       1.0923025
       1.0747004       1.0740953       1.0740915       1.1409803       1.2208356
       1.2153624       1.1978716       1.1964439       1.1963643       1.1970230
       1.1559400       1.1479865       1.1315358       1.1300630       1.1753953
       1.1844007       1.1844090       1.1702738       1.1646260       1.2380453
       1.2456692       1.2456815       1.2281824       1.2272314       1.2216738
       1.2060232       1.2046438       1.2046406       1.2046389       1.2607567
       1.2540893       1.3171461       1.3239485       1.3239604       1.3074823
       1.3055281       1.2881140       1.2821434       1.2643247       1.2637792
       1.2637789       1.2637809       1.3167524       1.3079729       1.3084170
       1.3055423       1.3728582       1.3786820       1.3612930       1.3609328
       1.3402884       1.3195419       1.3191646       1.3186104       1.3195655
       1.3703942       1.3783448       1.3797294       1.3592149       1.4253316
       1.4143758       1.4110591       1.4110706       1.4116249       1.3913041
       1.3906729       1.3913910       1.3914003       1.4402733       1.4331658
       1.4337198       1.4954770       1.5012233       1.5012413       1.4852360
       1.4838954       1.4166299       1.4096347       1.4057672       1.4057759
       1.4057847       1.4539717       1.4620989       1.5201018       1.5135741
       1.5107628       1.4959620       1.4932587       1.4932746       1.4932907
       1.4931810       1.4880587       1.4876098       1.4885173       1.5381243
       1.5909846       1.5951830       1.5958240       1.5968057       1.5984119
       1.5959714       1.5959905       1.5960098       1.5589895       1.5517439
       1.5221003       1.5195074       1.5718857       1.6436920       1.6440696
       1.6328585       1.6304881       1.6320391       1.6320591       1.6336690
       1.6132353       1.6131082       1.6135870       1.6089234       1.5913253
       1.6430839       1.6347148       1.6333777       1.6333902       1.7042202
       1.7114704       1.6889590       1.6872689       1.6670906       1.6619627
       1.6390891       1.6376621       1.6376719       1.6738437       1.6801508
       1.6813810       1.6628677       1.6612647       1.6612767       1.6347304
       1.7166020       1.7246580       1.7257114       1.7236745       1.7111961
       1.6893392       1.7255318       1.7317522       1.7317771       1.7317897
       1.7318043       1.7318197       1.8284017       1.8317502       1.8317631
       1.8317779       1.8317939       1.8312683       1.8320862       1.8840575
       1.8494798       1.8463574       1.8244197       1.8226749       1.8058623
       1.8011588       1.8011698       1.8014778       1.7958693       1.7958848
       1.7966343       1.7979525       1.8516966       1.8608558       1.8622008
       1.9120476       1.9134773       1.9151752       1.8835754       1.8815722
       1.8549874       1.8534058       1.8546752       1.8560560       1.8572620
       1.9136857       1.9216435       1.9157500       1.9099217       1.9030986
       1.9749045       1.9808035       1.9587015       1.9567856       1.9374063
       1.9397238       1.9248321       1.9773229       1.9849659       1.9859981
       1.9860120       1.9751212       2.0678359       2.0727654       2.0727931
       2.0728183       2.0701034       2.0448765       2.0292950       2.0095363
       2.0605166       2.0722352       2.0774053       2.0794589       2.0805412
       2.0356666       2.0309244       2.1293978       2.1258175       2.1165777
       2.1165882       2.0948519       2.1426762       2.1580250       2.1592795
       2.1346095       2.1187077       2.1170589       2.1184373       2.1184460
       2.1184554       2.1184646       2.1141812       2.1080164       2.1724828
       2.2106249       2.2088703       2.1696100       2.1693908       2.2087512
       2.1845909       2.1775236       2.1691696       2.1691778       2.1691882
       2.1735649       2.1800770       2.2363858       2.2442810       2.2336300
       2.2305352       2.2857463       2.2755583       2.2755661       2.2548097
       2.2339955       2.2267249       2.2322649       2.2288689       2.2265556
       2.2516570       2.2538057       2.2538286       2.2538349       2.2866949
       2.2852905       2.2853053       2.2828655       2.2728445       2.2795016
       2.2835385       2.2551397       2.2494275       2.2827486       2.2890054
       2.2890324       2.2940507       2.3391344       2.3264164       2.3152876
       2.3267272       2.3142440       2.3202671       2.3150867       2.3212375
       2.3234043       2.3750349       2.3828705       2.3601036       2.3252375
       2.3159548       2.3559908       2.3457106       2.3457165       2.3592335
       2.3614236       2.3851112       2.3923855       2.4458458       2.4535772
       2.4396559       2.4295760       2.4063515       2.3836105       2.3676466
       2.3836937       2.3860099       2.3988971       2.4009107       2.4295367
       2.4302341       2.5016136       2.5117356       2.5117799       2.5118032
       2.4724510       2.4605939       2.4404036       2.4389268       2.4521652
       2.4087967       2.4047149       2.4819793       2.5015875       2.5164489
       2.5318896       2.5336826       2.5336974       2.5171052       2.5081720
       2.4660514       2.4630445       2.4630471       2.4763242       2.5374830
       2.5236826       2.4826152       2.4775204       2.5710505       2.5499541
       2.5432163       2.5432212       2.5432266       2.5432325       2.5251156
       2.5127041       2.5474803       2.5679132       2.5696551       2.5155704
       2.5224705       2.5241482       2.5512766       2.5315350       2.6115064
       2.6174511       2.5990717       2.5910101       2.5700416       2.6244303
       2.6090423       2.6262257       2.5678123       2.5750134       2.5766545
       2.5902055       2.5917318       2.5915112       2.5726760       2.5416854
       2.6059247       2.6044824       2.6615062       2.6470976       2.6523001
       2.6280012       2.6005991       2.6135956       2.6152504       2.6255946
       2.6029426       2.5742034       2.5936455       2.5929736       2.6495367
       2.6574774       2.6443936       2.6579439       2.6382791       2.6523479
       2.6496134       2.6497545       2.6012547       2.6446376       2.6351476
       2.6136059       2.6122985       2.6678090       2.6756784       2.6757058
       2.6905311       2.6921138       2.7159862       2.7079522       2.7081513
       2.6854615       2.6795650       2.6731486       2.6731517       2.6530598
       2.7077596       2.7157300       2.7157591       2.7303178       2.7318272
       2.6947415       2.6443206       2.6372187       2.7047438       2.7246685
       2.7064733       2.7203973       2.7771095       2.7651119       2.7639229
       2.7639340       2.7783782       2.7798502       2.7798606       2.7257084
       2.7157534       2.7157574       2.7311355       2.7109450       2.8228895
       2.8112849       2.8099205       2.8099295       2.7735373       2.7818282
       2.7832792       2.7832857       2.7514704       2.7445209       2.7445064
       2.7605134       2.8240747       2.8254908       2.8256700       2.9079063
       2.9131412       2.8735965       2.8606397       2.8608479       2.8608576
       2.8159851       2.8116095       2.8116139       2.8910510       2.9009439
       2.9082921       2.9051845       2.8891888       2.8882080       2.8918425
       2.9055923       2.9523147       2.9283357       2.8682129       2.8779628
       2.9449607       2.9535040       2.9495322       2.9596495       2.9610457
       2.9610589       2.9610706       2.9610815       2.9764463       2.9596195
       2.9651634       2.9374853       2.9315314       2.9482347       2.9497529
       2.9497607       2.9660789       2.9831440       2.9846671       2.9846833
       2.9846994       2.9847158       3.0005730       3.0020889       2.9266273
       2.9737660       2.9347067       2.9319229       2.9031283       2.9008628
       2.9991467       3.0069093       3.0069333       3.0069497       3.0069631
       3.0069751       3.0235096       3.0250619       3.0196790       2.9935934
       2.9828625       2.9608936       3.0240133       3.0213729       3.0158911
       3.0160197       3.0160195       3.0160281       3.0320553       3.0335203
       3.0335349       3.0942829       3.0504916       3.0127313       3.0105150
       3.0840871       3.0652325       3.0639715       3.0798538       3.0617640
       3.0603561       3.0603577       3.0548727       3.0648543       3.0664793
       3.0809120       3.0474205       3.0441903       3.0442059       3.0683554
       3.0709486       3.0571012       3.0558136       3.0358650       3.1007649
       3.1250429       3.1036569       3.1021901       3.1021989       3.1245357
       3.1263536       3.1263968       3.1584127       3.1506482       3.1430950
       3.1430914       3.1844549       3.1701243       3.1335819       3.1304013
       3.1302795       3.1302713       3.0828466       3.2273538       3.2379968
       3.2532721       3.2546908       3.2547089       3.2791279       3.2703647
       3.2563933       3.2501261       3.2305637       3.2285073       3.2078219
       3.2086056       3.2023054       3.2022998       3.2023042       3.2023116
       3.2842908       3.3111074       3.3126171       3.2931729       3.2908535
       3.2908544       3.2755856       3.2229663       3.1970471       3.2835972
       3.2811400       3.2601007       3.3416485       3.3499298       3.3653805
       3.3667481       3.3667574       3.3667655       3.3667730       3.3667805
       3.3590253       3.2938227       3.2880337       3.2880307       3.3078972
       3.3775631       3.3409501       3.3285107       3.2867137       3.2839554
       3.2839381       3.2839365       3.3722139       3.3095991       3.3208173
       3.3223381       3.3223499       3.3201879       3.3941454       3.3818969
       3.3805015       3.3980226       3.4354372       3.4486546       3.4471662
       3.4112304       3.4131487       3.4096565       3.4096614       3.3444295
       3.3972420       3.4385255       3.4415380       3.4017818       3.3947976
       3.3948615       3.3948516       3.4321389       3.4543425       3.3992020
       3.3940940       3.3940957       3.3941006       3.4517089       3.4751471
       3.4295548       3.3954721       3.3733026       3.3891339       3.3698009
       3.3683185       3.3840604       3.3637465       3.2993909       3.2937560
       3.3492060       3.3569954       3.3735890       3.5328656       3.5433432
       3.5600308       3.5396301       3.4616467       3.4716084       3.4504208
       3.4398090       3.4481925       3.4209076       3.4782203       3.4862642
       3.4862945       3.4480129       3.4624320       3.4803753       3.4817473
       3.4990337       3.5005597       3.4969756       3.4970688       3.4338380
       3.4918558       3.4575972       3.4625809       3.5912718       3.6005481
       3.5776949       3.5765610       3.5765546       3.5765663       3.5914452
       3.5923061       3.5650937       3.5891628       3.5920872       3.5921262
       3.5709055       3.5694773       3.4755470       3.4580558       3.4579843
       3.4748089       3.4762235       3.5094513       3.5123604       3.5123314
       3.5152698       3.5490574       3.5523762       3.5524126       3.5309924
       3.5295269       3.5295325       3.5219496       3.5224735       3.5224784
       3.5387548       3.7645373       3.7204398       3.7144943       3.6975323
       3.6961985       3.7132864       3.7098365       3.6642480       3.6779455
       3.6058475       3.6113337       3.6288444       3.6302895       3.6947598
       3.7035566       3.6600841       3.6452420       3.6384034       3.6017361
       3.5533208       3.5453541       3.5136548       3.5268152       3.5282133
       3.5464372       3.6678453       3.6740919       3.6916159       3.6931330
       3.6931411       3.7096228       3.6875448       3.6691670       3.6678638
       3.6117326       3.6203523       3.6334128       3.6966152       3.7054428
       3.7219679       3.6878809       3.7033934       3.7003347       3.6356162
       3.6295762       3.6295690       3.6295665       3.5587506       3.5653439
       3.6296961       3.5823740       3.6949210       3.7029007       3.7197556
       3.7212371       3.7108538       3.6821105       3.6765842       3.6765855
       3.6765875       3.6257656       3.6790078       3.7078305       3.7235781
       3.7418587       3.7612042       3.7164243       3.6798413       3.6777263
       3.6930718       3.6751279       3.6729474       3.6729259       3.6556552
       3.6703661       3.7382269       3.7632155       3.7646895       3.7646989
       3.7446559       3.7392293       3.7071492       3.6986639       3.6986747
       3.6986602       3.7601496       3.7201892       3.7124579       3.7276022
       3.7450058       3.7464418       3.7374921       3.6904111       3.6872415
       3.6872120       3.6871952       3.7980600       3.8592407       3.8682113
       3.8186349       3.8204232       3.7976360       3.8043178       3.8014661
       3.8014440       3.8014326       3.8014237       3.8014160       3.7413002
       3.8004536       3.8392450       3.8418720       3.7895095       3.7977665
       3.7920575       3.7842338       3.7841932       3.7841855       3.7362347
       3.7333677       3.6682847       3.7261132       3.7351595       3.8227313
       4.1977965       4.2196629       4.2105989       4.1456479       4.1293991
       4.1322588       4.1801973       4.1801644       4.1729106       4.0626902
       4.0754206       4.1472116       4.1995696       4.1969331       4.1581243
       4.0911949       4.0540156       4.0540195       4.0540220       4.0540222
       4.0540106       4.0499382       3.9802498       4.0106656       4.0862190
       4.1357901       4.1268157       4.0656325       4.1037387       4.1037434
       4.1037549       4.1068788       4.1458403       4.0359707       4.0345428
       4.0677215       4.0854285       4.0931545       4.1331072       4.0716074
       4.0716077       4.0715763       4.0649316       3.9976577       3.9963080
       3.9802936       3.9803043       3.9860514       4.0534277       4.0686776
       4.0539604       4.0712242       4.0712368       4.0734025       4.0989630
       4.0835925       4.0856107       4.1086774       3.9556268       3.9390523
       4.0051597       3.9958145       4.0111655       3.9579177       4.0087340
       4.0087257       4.0087152       4.0073195       3.9903039       3.9698693
       3.9683929       3.9515542       3.9527493       4.0500288       4.0973465
       4.0329894       4.0263894       4.0971954       4.0971829       4.0971656
       4.0956335       4.0782617       4.0765876       4.0485478       3.9124546
       3.9140549       3.9052221       3.8420125       3.9106195       3.9087874
       3.9648466       3.9596474       3.9777865       3.9998578       3.9833697
       3.9833561       3.9818357       3.9643122       3.9580728       3.9377967
       4.0106922       4.0092781       3.9960945       4.0416647       4.0494745
       4.0849835       4.0318762       3.9451419       3.9414142       3.9003996
       3.8916131       3.8271547       3.8257245       3.8082326       3.8669051
       3.9389628       3.9525836       3.9981624       3.9965971       3.9794259
       3.9740890       3.9062514       3.9047527       3.8820539       3.8560806
       3.8805596       3.8804636       3.8679243       3.9387610       3.9387603
       3.9402262       3.9616358       3.9615826       3.9575787       3.9310049
       3.9209054       3.8390279       3.8361275       3.8029114       3.8084934
       3.8757204       3.8757024       3.8797454       3.9484009       3.9498356
       3.9710584       3.9710144       3.9609486       3.8794464       3.8995964
       3.8810908       3.8662049       3.8661699       3.8660596       3.8543351
       3.8022701       3.8045725       3.8347970       3.8298033       3.8640478
       3.7988905       3.7830776       3.7829796       3.7865586       3.7850275
       3.7677362       3.7731471       3.8367214       3.8096987       3.8319028
       3.8318656       3.8238107       3.7664800       3.7866082       3.7704392
       3.7810106       3.8020907       3.7737977       3.6937182       3.6709068
       3.7156279       3.7182277       3.7563202       3.7681645       3.7603744
       3.7049190       3.7035136       3.6893003       3.7096021       3.6938040
       3.6878326       3.6860936       3.6654737       3.6493794       3.6435756
       3.6962887       3.7501828       3.6925757       3.6925678       3.6925588
       3.6912724       3.6758067       3.6642268       3.7001538       3.7000942
       3.6931592       3.6423115       3.6373318       3.6415409       3.6802248
       3.6203550       3.6028208       3.6028104       3.6014665       3.5995503
       3.6354850       3.6369644       3.6547460       3.6086128       3.6337286
       3.6279495       3.6046810       3.5918855       3.5940469       3.5940327
       3.5925077       3.5738220       3.5581539       3.5802065       3.5801830
       3.5801300       3.5766187       3.5548227       3.5672677       3.6038923
       3.5829710       3.6221683       3.6221405       3.6206193       3.5945229
       3.5539738       3.5539637       3.5539531       3.5539415       3.5539288
       3.5525586       3.5371025       3.5361417       3.5533283       3.4692327
       3.4716807       3.4999073       3.5191971       3.4985379       3.5517792
       3.5517153       3.5423585       3.5355963       3.5341028       3.5146207
       3.5194511       3.5194426       3.5194352       3.5194331       3.5189492
       3.5114625       3.5320828       3.5238339       3.4732318       3.4716404
       3.4548816       3.4558206       3.4094137       3.4094072       3.4080132
       3.4480767       3.4507204       3.4850555       3.4846561       3.4846383
       3.4846539       3.4758605       3.4930890       3.5002165       3.3458942
       3.3458971       3.3534522       3.3683963       3.4174925       3.4174799
       3.4160891       3.4008686       3.4008211       3.3948400       3.3936873
       3.3694169       3.3045262       3.3244848       3.3257818       3.3396361
       3.3370452       3.3128912       3.3128269       3.3031428       3.2994349
       3.2850012       3.2833754       3.2940779       3.2995628       3.2995593
       3.3009628       3.3190449       3.3695691       3.3708407       3.3958640
       3.4045791       3.3952415       3.3113908       3.3430146       3.2822687
       3.2822558       3.2807909       3.2647619       3.2647479       3.2647335
       3.2645470       3.2593255       3.2425152       3.2599094       3.2818771
       3.2926034       3.3114348       3.2364583       3.2349112       3.2183817
       3.2183743       3.2183657       3.2183559       3.2183463       3.2238529
       3.2836327       3.2745773       3.2241466       3.2303009       3.2693585
       3.2154594       3.2190316       3.2175230       3.2016727       3.2016624
       3.2016509       3.2016371       3.2001137       3.1978049       3.1814885
       3.1814794       3.1799556       3.2300400       3.1623223       3.1679733
       3.1725004       3.1609791       3.1456100       3.1455949       3.1455787
       3.1455607       3.1441592       3.1484627       3.1524327       3.1438876
       3.0768867       3.1299937       3.1101494       3.0707153       3.1101404
       3.0963789       3.1171262       3.1131465       3.0914389       3.0945427
       3.1241599       3.1142651       3.0348251       3.0348154       3.0319343
       3.0445861       3.0445576       3.0380003       3.0155405       3.0550953
       3.0563786       3.0769022       3.0774423       3.0411613       2.9775970
       2.9683873       2.9682948       2.9609670       3.0104658       3.0104422
       3.0089669       2.9943570       2.9958685       2.9958410       2.9950199
       3.0139673       3.0287678       2.9406900       2.9253079       2.9252971
       2.9274321       2.9530410       2.9530218       2.9515388       2.9370810
       2.9370497       2.9321273       2.9134355       2.8567147       2.9153510
       2.9335429       2.9135116       2.9039464       2.8979145       2.9502748
       2.9349890       2.9334701       2.9188994       2.9188553       2.9108633
       2.8499827       2.8411951       2.8411750       2.8395459       2.8240193
       2.9290057       2.9221677       2.8659724       2.8719215       2.8703313
       2.8554965       2.8554570       2.8475720       2.7920403       2.7867895
       2.7822696       2.7917512       2.8450059       2.8827151       2.8825625
       2.8852795       2.8646141       2.8234002       2.8098435       2.8306700
       2.8227189       2.7661415       2.7667941       2.7675443       2.7835070
       2.7978478       2.8213412       2.8196779       2.8066678       2.8260147
       2.8097989       2.7898916       2.7411398       2.6841015       2.6855206
       2.7001713       2.7238433       2.7426719       2.7428831       2.7413434
       2.7696869       2.7680302       2.7525794       2.7400982       2.7601651
       2.7382699       2.6773832       2.6275684       2.6356332       2.6540166
       2.6554759       2.6727415       2.6924756       2.7165186       2.7148375
       2.6996411       2.6860978       2.6843469       2.6822369       2.6290990
       2.6290711       2.6189780       2.6189684       2.6189592       2.6189503
       2.6172559       2.6037743       2.6599913       2.6566506       2.6445585
       2.6463344       2.5851592       2.5980360       2.5980086       2.5928205
       2.5675440       2.5764730       2.5930607       2.5930417       2.6001224
       2.6529119       2.6380451       2.6172354       2.5670427       2.5581426
       2.5610510       2.5626092       2.5640669       2.5842333       2.5874159
       2.5185916       2.5185718       2.5185313       2.5144370       2.5170275
       2.5132363       2.4846125       2.4826038       2.4697246       2.4893444
       2.5041869       2.5201309       2.5344078       2.4811987       2.4912824
       2.5052076       2.4974806       2.4547493       2.5037881       2.4783580
       2.4761665       2.4626464       2.4626354       2.4621069       2.4798516
       2.4891321       2.5234686       2.5229746       2.5151292       2.4634862
       2.4613033       2.4446421       2.4077778       2.4290562       2.4415424
       2.4301056       2.4412369       2.4539565       2.4755780       2.4705535
       2.4705184       2.4642511       2.4309157       2.4373349       2.4657758
       2.3954823       2.3888296       2.3883326       2.3988489       2.3988352
       2.4002407       2.4171274       2.4171146       2.4170845       2.4056816
       2.3425685       2.3737809       2.3771636       2.4053364       2.4034867
       2.3912253       2.3243822       2.3243465       2.3247044       2.3481076
       2.3513954       2.3622162       2.3543225       2.2980152       2.2915048
       2.2871293       2.2871201       2.2871123       2.2954661       2.3025321
       2.3266899       2.3775933       2.3811409       2.2963710       2.2981222
       2.3113995       2.2469330       2.2530978       2.2573812       2.2573720
       2.2573625       2.2573494       2.2628006       2.2757813       2.2739265
       2.2985917       2.2973299       2.2819694       2.2355260       2.1889116
       2.1889000       2.1981361       2.2017080       2.2247038       2.2079048
       2.2348223       2.2337382       2.2316814       2.2265060       2.2147796
       2.1637880       2.1835293       2.1954983       2.1102208       2.1095257
       2.1095156       2.1095084       2.1137397       2.1378804       2.1535405
       2.1535200       2.1524776       2.1448187       2.0913230       2.1078865
       2.1155385       2.1232185       2.1154508       2.0735027       2.0749531
       2.0928794       2.0996948       2.0985829       2.0970576       2.0890907
       2.0326575       2.0323303       2.0309379       2.0296531       2.0303427
       2.0569188       2.0589146       2.0905092       2.0971531       2.0895774
       2.0440754       2.0448193       2.0401016       1.9914117       1.9900888
       1.9893333       1.9893101       1.9949086       1.9945876       1.9945590
       1.9915757       2.0103224       2.0063030       2.0316438       2.0236273
       1.9862202       1.9316422       1.9308214       1.9313426       1.9313199
       1.9312949       1.9312668       1.9278480       1.9598065       1.9597860
       1.9597642       1.9597423       1.9597047       1.9534667       1.9069780
       1.9112936       1.9182791       1.9166780       1.9207543       1.9235552
       1.9347418       1.9133303       1.9133016       1.9068168       1.8907849
       1.8955864       1.8890062       1.8528268       1.8528074       1.8542221
       1.8770795       1.8699454       1.8518430       1.8449655       1.8102279
       1.8103607       1.8281114       1.8280956       1.8294257       1.8377821
       1.7780894       1.7623539       1.7670133       1.7665253       1.7595402
       1.7677689       1.7681480       1.7681301       1.7712114       1.7714712
       1.7878074       1.7893196       1.7975485       1.7451505       1.7347100
       1.7387677       1.7383932       1.6867896       1.6867752       1.6867613
       1.6897953       1.6883321       1.6873577       1.6867279       1.6901648
       1.7146522       1.6650456       1.6641384       1.6645877       1.6697106
       1.6698208       1.6698053       1.6697900       1.6724943       1.6872970
       1.6907836       1.7059918       1.7202265       1.7120903       1.6638919
       1.6638685       1.6638403       1.6675414       1.6564185       1.6293768
       1.6239445       1.5751224       1.5751094       1.5765277       1.5919463
       1.5869243       1.5865311       1.5376530       1.5376370       1.5369082
       1.5366824       1.5597900       1.5587918       1.5587826       1.5528278
       1.5721644       1.5904350       1.6066657       1.6069918       1.5990349
       1.5481978       1.5472320       1.5477724       1.5481315       1.5653037
       1.4944020       1.4874483       1.4988660       1.5003150       1.5171384
       1.5164161       1.5182987       1.5270765       1.4741025       1.4740969
       1.4740912       1.4746264       1.4924281       1.4905221       1.4401214
       1.4347107       1.4386194       1.4386214       1.4390732       1.4571946
       1.4663021       1.4101806       1.4101787       1.4101783       1.4115541
       1.4272018       1.4327574       1.4337087       1.4512116       1.4512089
       1.4513103       1.4747023       1.4731229       1.4897615       1.4897408
       1.4807205       1.4353701       1.4368194       1.4530731       1.4424534
       1.3357508       1.3383709       1.3380356       1.3323026       1.2978531
       1.3051389       1.2347455       1.2497501       1.2497384       1.2482989
       1.2658959       1.2709330       1.2700574       1.2641017       1.2591765
       1.2536786       1.2254201       1.2259539       1.2216584       1.2524650
       1.2508759       1.2508759       1.2508763       1.2508766       1.2558660
       1.2537166       1.2510956       1.2674705       1.2630403       1.2310684
       1.2247413       1.2412657       1.2417113       1.2260023       1.1725849
       1.1725806       1.1725737       1.1725622       1.1679618       1.1843811
       1.1787376       1.1763949       1.1431030       1.1495999       1.1486872
       1.1420931       1.1574324       1.1628944       1.1641040       1.1697959
       1.1486755       1.1429696       1.1511453       1.1455860       1.1623219
       1.1562710       1.1175431       1.1223162       1.1404242       1.1560340
       1.1566673       1.1558233       1.1553740       1.1553471       1.1537518
       1.1544863       1.1427921       1.1220720       1.1342915       1.0922431
       1.0923335       1.1146236       1.1139099       1.1152749       1.1318422
       1.1307259       1.1302890       1.1252217       1.1248189       1.1198971
       1.1309542       1.1302672       1.1242304       1.1017518       1.1181665
       1.1050290       1.0593975       1.0799819       1.0790355       1.0790324
       1.0790269       1.0739102       1.0633283       1.0656114       1.0657011
       1.0717641       1.0636855       1.0495890       1.0495894       1.0525649
       1.0844553       1.0793655       1.0770712       1.0833378       1.0763905
       1.0606894       1.0247388       1.0247310       1.0247182       1.0165534
       1.0033199       1.0006634       1.0025466       1.0190690       1.0375975
       1.0375914       1.0390911       1.0502688       1.0261064       1.0270323
       1.0270296       1.0270268       1.0270227       1.0270040       1.0136577
      0.96267961      0.96532044      0.98415377      0.98404852      0.97826766
      0.98141217      0.97617519      0.98152844      0.98184781      0.98065373
      0.98130993      0.97588092      0.95396142      0.95543350      0.97092715
      0.97085830      0.97141807      0.97141353      0.96684557      0.95337056
      0.94383166      0.94361243      0.94360562      0.94359515      0.93772620
      0.92596632      0.94332490      0.94332132      0.94277571      0.94286748
      0.93801565      0.93794469      0.93887912      0.93886981      0.94320380
      0.93674389      0.94571188      0.92724317      0.89101685      0.89101561
      0.89240484      0.90759131      0.90758614      0.90245106      0.89832563
      0.89727402      0.89135393      0.89664280      0.89583528      0.89625076
      0.89624651      0.89623080      0.88866190      0.87399071      0.89703189
      0.89702255      0.89277186      0.88637524      0.88263464      0.88358210
      0.88272163      0.88266682      0.88363940      0.88363614      0.88363195
      0.88362557      0.87924700      0.88999537      0.88998732      0.88407257
      0.86519379      0.87958615      0.87326061      0.86174127      0.79821070
      0.79708474      0.79646430      0.79854087      0.81440644      0.81439649
      0.80562300      0.79431559      0.79438854      0.78996023      0.77929147
      0.77928764      0.77927837      0.77816178      0.79467906      0.79282612
      0.79193443      0.79308237      0.80393993      0.79445491      0.79445405
      0.79444893      0.78368323      0.74957896      0.72562734      0.72088961
      0.74194011      0.74184217      0.74097442      0.74144692      0.74426359
      0.73877910      0.74075946      0.74359773      0.74492389      0.76000309
      0.76008700      0.74643795      0.69889589      0.69924835      0.71500559
      0.71414927      0.71449211      0.71449116      0.71947707      0.72608267
      0.72667181      0.72667099      0.72719255      0.73878280      0.71819058
      0.68244206      0.68271572      0.67691180      0.69034049      0.69080514
      0.69080356      0.69080065      0.69217591      0.69519859      0.68306978
      0.68277575      0.68438952      0.69757499      0.66065381      0.66064858
      0.65481239      0.66874436      0.66839422      0.66888249      0.66888208
      0.66575521      0.67306044      0.66749440      0.67723942      0.67679751
      0.67735231      0.65152283      0.65151693      0.64565370      0.65384261
      0.63403398      0.63453675      0.63453685      0.63490334      0.64972094
      0.64377206      0.65820214      0.66226913      0.65673820      0.62976869
      0.62943657      0.62364635      0.62722388      0.61006199      0.61094407
      0.61094397      0.61241533      0.62566488      0.62300449      0.63837484
      0.63837117      0.62840815      0.60190608      0.60087750      0.59744133
      0.60336016      0.60336020      0.60153177      0.60238441      0.60398343
      0.61929259      0.61303937      0.62969845      0.62763458      0.62315026
      0.61140758      0.57823335      0.57223545      0.57069525      0.57847854
      0.57780928      0.58068930      0.57882653      0.57882505      0.57324531
      0.58471802      0.58205276      0.58356078      0.59134120      0.56414902
      0.55846631      0.55125451      0.55125585      0.55033672      0.55033756
      0.55548191      0.55782107      0.54961845      0.52723854      0.55685583
      0.55845189      0.56658610      0.54324069      0.53674800      0.52636660
      0.52636806      0.52636945      0.52690330      0.52569303      0.52485418
      0.52346495      0.50744847      0.53658024      0.53822704      0.55058636
      0.54522120      0.51791934      0.50451432      0.50451543      0.50451597
      0.50451572      0.50451420      0.49748903      0.47752424      0.48217402
      0.50157746      0.51314037      0.51533076      0.52252249      0.50227632
      0.49564778      0.48129114      0.47988315      0.48028363      0.47220326
      0.45380233      0.45380188      0.45379962      0.45692338      0.48404227
      0.49108049      0.49912777      0.47729529      0.47598503      0.46017530
      0.46017641      0.45169145      0.43435913      0.43217824      0.43273693
      0.43273814      0.43442496      0.44942124      0.46212531      0.46276672
      0.45385388      0.45385637      0.44499257      0.43886839      0.43798133
      0.43850645      0.43850512      0.42955804      0.41295109      0.41208327
      0.41441904      0.42854337      0.44386779      0.45388544      0.43348963
      0.43349116      0.42655568      0.41758341      0.41706806      0.41709004
      0.40615553      0.38906333      0.38906405      0.38906536      0.38991548
      0.40517618      0.40130997      0.42872682      0.42138798      0.41890432
      0.41067390      0.40161347      0.40077107      0.40070570      0.40126918
      0.39117117      0.37645172      0.37642084      0.37856625      0.38582290
      0.40851651      0.39837777      0.38036816      0.38619890      0.37669087
      0.37433479      0.36778168      0.36787921      0.37150865      0.36980522
      0.37021072      0.37236302      0.37849817      0.39534311      0.39534303
      0.38576531      0.35965538      0.34754759      0.34202496      0.34120852
      0.34621696      0.34528004      0.34583137      0.34479358      0.34225136
      0.35602988      0.35781862      0.35466392      0.33988349      0.32476192
      0.32476077      0.32475977      0.32994567      0.33029115      0.33029113
      0.32334967      0.34369764      0.34048617      0.33143218      0.32118604
      0.31432807      0.31155653      0.31155637      0.31155580      0.30332033
      0.29831539      0.29955339      0.31309509      0.31309573      0.30634469
      0.30414700      0.30217818      0.30316863      0.30316767      0.29903561
      0.29052251      0.29101829      0.29402931      0.29553132      0.30098769
      0.30086970      0.29650254      0.29278499      0.28661126      0.28231905
      0.28231935      0.27996974      0.28120456      0.28256891      0.29019231
      0.29185903      0.28712910      0.28514891      0.28823036      0.28313257
      0.28313276      0.28313066      0.27388018      0.27225925      0.26691175
      0.27195633      0.27363840      0.27301737      0.27394343      0.27146853
      0.27918899      0.27352233      0.27343407      0.27464711      0.27675245
      0.27743721      0.27743761      0.27743625      0.27844760      0.27802035
      0.27897563      0.27810576      0.27871600      0.28357406      0.28481700
      0.27980610      0.26988679      0.26988724      0.26988771      0.26988801
      0.26988825      0.26916924      0.26279518      0.26387994      0.26536224
      0.26535872      0.27131645      0.27505713      0.26721977      0.26759808
      0.26666040      0.26035127      0.26099694      0.26099747      0.26267057
      0.26404517      0.26102577      0.26234228      0.26364591      0.26939149
      0.26385128      0.26515031      0.26628988      0.25827675      0.25855231
      0.25855246      0.25934520      0.25781712      0.25740330      0.25790517
      0.25822858      0.25821606      0.25688428      0.25690984      0.25636781
      0.25636799      0.25903075      0.25629421      0.25637585      0.25790918
      0.25618205      0.25480997      0.25568911      0.26032663      0.26010936
      0.26010933      0.26010858      0.25309933      0.25467533      0.25542425
      0.25706429      0.25897252      0.25671093      0.25776218      0.25776235
      0.25593096      0.25844705      0.25813565      0.26044837      0.25829052
      0.25829104      0.25289158      0.25298523      0.25277445      0.25277424
      0.25342802      0.25377455      0.25343508      0.25858997      0.25801416
      0.25766396      0.25766424      0.25766710      0.25298633      0.25748665
      0.25280325      0.25321962      0.25282263      0.25282281      0.25405673
      0.25307847      0.25802751      0.25710243      0.25756372      0.25816195
      0.25676349      0.25712445      0.25294005      0.25308528      0.25308568
      0.25670985      0.25433377      0.25343555      0.25439937      0.25502060
      0.25448843      0.26135252      0.25997146      0.26042326      0.25994384
      0.25480590      0.25468012      0.25564078      0.25363664      0.25664636
      0.25471802      0.25447811      0.25483511      0.25572622      0.25608973
      0.25549821      0.25915587      0.25918234      0.25533934      0.25513537
      0.25441590      0.25441609      0.25441622      0.25764209      0.25546036
      0.25479161      0.25471524      0.25577437      0.25522490      0.25522477
      0.25593347      0.26224094      0.25339354      0.25426257      0.25267024
      0.25329412      0.25628563      0.25402429      0.25333400      0.25299097
      0.25776479      0.25503393      0.25469659      0.25413916      0.25975349
      0.25338410      0.25315458      0.25424500      0.25365943      0.25365960
      0.25265566      0.25398276      0.25371043      0.25315619      0.25315599
      0.25649059      0.25987301      0.26107094      0.25834153      0.25265287
      0.25216678      0.25168058      0.25168082      0.25168102      0.25268081
      0.25303051      0.25154437      0.25156690      0.25178310      0.25289214
      0.25211385      0.25293875      0.24954264      0.24823267      0.24823223
      0.24826890      0.25520955      0.25410131      0.25231415      0.25188354
      0.25188360      0.25533063      0.25540358      0.25313311      0.25237113
      0.24809946      0.24799456      0.24781541      0.24773134      0.25846111
      0.25531905      0.25266045      0.25531143      0.25485472      0.25485459
      0.25578799      0.25438044      0.24890055      0.24937058      0.24937061
      0.24937068      0.24937074      0.25030998      0.25423531      0.25432632
      0.25629616      0.25549576      0.25549586      0.25549597      0.25549607
      0.25788577      0.25602349      0.25551115      0.25656028      0.25486462
      0.24894125      0.25480474      0.25260839      0.25323638      0.25412901
