      0.11652309      0.11652318      0.11652326      0.11652333      0.11652338
      0.11652337      0.11652339      0.11652341      0.11396219      0.11064344
      0.11740736      0.11740728      0.11740714      0.11740708      0.11740702
      0.11740702      0.11912779      0.11380254      0.11380264      0.11380272
      0.11380281      0.11380301      0.11380312      0.11380328      0.11129736
      0.11554901      0.11554902      0.11326750      0.11596450      0.11596456
      0.11596462      0.11596469      0.11596480      0.11596489      0.11596498
      0.11580778      0.11199812      0.11199833      0.10955302      0.11492940
      0.11492958      0.11492975      0.11492989      0.11493000      0.11493007
      0.11493011      0.11493015      0.11493018      0.11493022      0.11493026
      0.11493032      0.11493040      0.11493056      0.11504182      0.11005408
      0.10747282      0.11247234      0.11247251      0.11247271      0.11247292
      0.11247323      0.11247357      0.11247383      0.11247408      0.11247432
      0.11247451      0.11247472      0.11247484      0.11247493      0.11551554
      0.11049691      0.11049703      0.10756901      0.11302095      0.11302101
      0.11302105      0.11302108      0.11302111      0.11302117      0.11302124
      0.11302133      0.11302145      0.11302158      0.11302171      0.11302185
      0.11571617      0.10818083      0.10818087      0.10818090      0.10791882
      0.11146624      0.11146628      0.11146633      0.11146638      0.11146642
      0.11146645      0.11146648      0.11146649      0.11146651      0.11146656
      0.11146663      0.11146673      0.11146685      0.11382518      0.10826453
      0.10826466      0.10544005      0.10989487      0.10989496      0.10989503
      0.10989506      0.10989508      0.10989511      0.10989513      0.10989519
      0.10989524      0.10989524      0.11237925      0.10818556      0.10818550
      0.10818549      0.10600304      0.11082026      0.11082032      0.11082038
      0.11082046      0.11082045      0.11082053      0.11082057      0.11082071
      0.11082067      0.11082067      0.11312662      0.11028307      0.11028315
      0.10751670      0.11054756      0.11054755      0.11054759      0.11054744
      0.11054750      0.11054740      0.11054736      0.11054757      0.11054757
      0.11054758      0.11054777      0.11312159      0.10942339      0.11331921
      0.11331923      0.11331916      0.11331896      0.11331889      0.11331879
      0.11331867      0.11331838      0.11331815      0.11331795      0.11575927
      0.11204934      0.11204916      0.11204880      0.11204857      0.11576503
      0.11576500      0.11576483      0.11940142      0.12102274      0.12102278
      0.12102283      0.12102268      0.12102261      0.12289979      0.11978777
      0.11978758      0.11978726      0.11978705      0.11978685      0.11978668
      0.11978631      0.11978610      0.11978596      0.11746360      0.11820600
      0.12061223      0.12180687      0.11848270      0.11848264      0.11848263
      0.11848261      0.11848271      0.11848278      0.11848289      0.11848296
      0.11848310      0.11869109      0.11869095      0.11869081      0.11869066
      0.12570244      0.12819251      0.12819231      0.12819228      0.12819227
      0.12819227      0.12819157      0.12819126      0.12618357      0.12618358
      0.12618362      0.13180808      0.13180806      0.13180803      0.13180804
      0.13180805      0.13180809      0.13180801      0.13180803      0.13237397
      0.13621446      0.13621436      0.13621443      0.13841475      0.13464644
      0.13841475      0.13856016      0.13856005      0.13855993      0.13855964
      0.14198087      0.14427624      0.14468872      0.14194014      0.14194000
      0.14193987      0.14722026      0.14996643      0.14466962      0.15356111
      0.16624906      0.16624881      0.16624852      0.16624819      0.16624784
      0.16624740      0.16624702      0.16925854      0.16925855      0.16925853
      0.18139039      0.19030571      0.19030563      0.19339365      0.18740739
      0.18740736      0.18740734      0.18740730      0.19312940      0.19312903
      0.19312864      0.19312831      0.21431875      0.21681015      0.21680973
      0.21680926      0.21680874      0.21680820      0.21669534      0.21920721
      0.21937781      0.21937776      0.21937771      0.24300681      0.24300652
      0.24300629      0.24300603      0.24300583      0.24300564      0.25226118
      0.25226100      0.25278148      0.25278130      0.25278114      0.27840941
      0.27840909      0.27840876      0.27840842      0.27840806      0.27840766
      0.27840724      0.29431630      0.29431613      0.29431600      0.29431588
      0.33676741      0.33676728      0.33676708      0.33676693      0.33676678
      0.33676658      0.33676646      0.33676635      0.33676625      0.33998009
      0.33316147      0.33316131      0.35849396      0.37841108      0.37841040
      0.38043863      0.37575604      0.37575548      0.37575492      0.37575436
      0.41040826      0.41040912      0.41041016      0.41041136      0.41041271
      0.42683890      0.46005298      0.46005412      0.46005538      0.46005691
      0.46005860      0.46287450      0.45991161      0.45991338      0.48013732
      0.48013918      0.48014099      0.48014274      0.50402347      0.50402751
      0.55126579      0.55126970      0.55127387      0.55127818      0.55079027
      0.54681518      0.54681954      0.54682389      0.55889690      0.55890102
      0.55890515      0.55890927      0.55891335      0.58467155      0.62168176
      0.62168638      0.62169114      0.62169601      0.62170096      0.62170594
      0.62434130      0.61991339      0.63645453      0.63144126      0.63144707
      0.63145321      0.63145959      0.66036671      0.69485231      0.69485918
      0.69486650      0.69487427      0.69488245      0.69489095      0.69489977
      0.69490883      0.70350641      0.70351661      0.70664684      0.69869641
      0.69870701      0.76510084      0.76914035      0.76915180      0.76916371
      0.76917602      0.76918864      0.76920149      0.76921448      0.77360778
      0.77362173      0.77363591      0.77365018      0.77366436      0.80638317
      0.84386219      0.84387756      0.84389341      0.84390961      0.84392602
      0.84394251      0.84395895      0.84397527      0.84662612      0.84664333
      0.84666039      0.84667721      0.84669373      0.91689420      0.92520293
      0.92058821      0.92060359      0.92061872      0.92063359      0.92064823
      0.92066259      0.92361982      0.92363930      0.92365864      0.92367764
      0.92369642      0.99367532       1.0017359       1.0017597       1.0017775
       1.0035884       1.0012791       1.0013003       1.0013221       1.0013440
       1.0013658       1.0013874       1.0014084       1.0014292       1.0539823
       1.0839081       1.0839215       1.0839347       1.0839476       1.0839603
       1.0839725       1.0861676       1.0921849       1.0922029       1.0922202
       1.0922371       1.0922534       1.0922692       1.0922844       1.0922988
       1.1616158       1.1616283       1.1616404       1.1616522       1.1616635
       1.1757098       1.1757246       1.1757389       1.1757527       1.1757660
       1.1757783       1.1757904       1.1758023       1.2392869       1.2392992
       1.2393111       1.2393226       1.2393338       1.2527036       1.2527169
       1.2527298       1.2527424       1.2527546       1.2527662       1.2527775
       1.2527886       1.3175405       1.3175526       1.3175644       1.3175758
       1.3175868       1.3286488       1.3286617       1.3286743       1.3286864
       1.3286982       1.3287096       1.3287207       1.3287315       1.4000978
       1.4001097       1.4001213       1.4001324       1.4001432       1.4081153
       1.4081282       1.4081407       1.4105843       1.4059080       1.4059195
       1.4059307       1.4059416       1.4765474       1.4804349       1.4804470
       1.4804588       1.4804703       1.4835046       1.4835178       1.4835313
       1.4835446       1.4835580       1.4863169       1.4814567       1.4814692
       1.4814813       1.5594958       1.5626844       1.5626959       1.5627069
       1.5627175       1.5671238       1.5671380       1.5671517       1.5671649
       1.5676261       1.5648541       1.5648661       1.5648778       1.6395531
       1.6467767       1.6467966       1.6468133       1.6468283       1.6468426
       1.6468564       1.6468698       1.6468826       1.6468951       1.6469072
       1.6469186       1.6469300       1.6469412       1.7288754       1.7318262
       1.7318461       1.7318625       1.7318773       1.7318913       1.7319048
       1.7319179       1.7319307       1.7319430       1.7319551       1.7319668
       1.7319783       1.7319895       1.8113446       1.8217476       1.8164808
       1.8164973       1.8165121       1.8165262       1.8165398       1.8165530
       1.8165658       1.8165782       1.8165903       1.8574249       1.8633805
       1.8633918       1.8634026       1.8634132       1.8655359       1.8609153
       1.8609249       1.8609342       1.8609432       1.8609518       1.8609600
       1.8609679       1.9420892       1.9492837       1.9493005       1.9493139
       1.9493259       1.9493373       1.9493488       1.9500663       1.9467399
       1.9467512       1.9467621       1.9467729       1.9467832       2.0227433
       2.0297138       2.0297324       2.0297478       2.0297617       2.0297751
       2.0297882       2.0298010       2.0298135       2.0298257       2.0307960
       2.0262706       2.0262818       2.0262927       2.0263032       2.1131233
       2.1204678       2.1204937       2.1205138       2.1205304       2.1205446
       2.1205574       2.1205693       2.1205805       2.1205912       2.1206016
       2.1206117       2.2023193       2.2097047       2.2097293       2.2097488
       2.2130745       2.2071348       2.2071477       2.2071599       2.2071715
       2.2071827       2.2071934       2.2072039       2.2072141       2.2861167
       2.2933388       2.2933580       2.2933739       2.2933883       2.2934022
       2.2934157       2.2959873       2.2895426       2.2895554       2.2895679
       2.2895800       2.2895918       2.3635966       2.3703906       2.3704106
       2.3704273       2.3704425       2.3704570       2.3704712       2.3704851
       2.3704988       2.3705120       2.3705249       2.3705375       2.3733370
       2.4465137       2.4537557       2.4537769       2.4537945       2.4538104
       2.4538256       2.4538404       2.4538550       2.4538693       2.4538835
       2.4538973       2.4539108       2.4539238       2.5312647       2.5383916
       2.5394586       2.5362902       2.5363063       2.5363216       2.5363365
       2.5363512       2.5363656       2.5363799       2.5363940       2.5364077
       2.5364210       2.6192853       2.6261361       2.6261644       2.6261865
       2.6262048       2.6262206       2.6262349       2.6285162       2.6231237
       2.6231362       2.6231483       2.6231603       2.6231720       2.6231834
       2.6231945       2.7078433       2.7159934       2.7160201       2.7160406
       2.7160572       2.7160717       2.7160849       2.7160972       2.7161091
       2.7179161       2.7932832       2.8011697       2.8011902       2.8012072
       2.8012226       2.8012373       2.8012517       2.8012659       2.8012800
       2.8012938       2.8013075       2.8013210       2.8013343       2.8013472
       2.8013597       2.8874736       2.8903318       2.8903599       2.8903813
       2.8903987       2.8904138       2.8904273       2.8904400       2.8904523
       2.8904642       2.8904759       2.8904876       2.8904990       2.8905103
       2.8923415       2.9713924       2.9787539       2.9787809       2.9788014
       2.9788177       2.9788315       2.9788439       2.9788554       2.9788666
       2.9788777       2.9788886       2.9788992       3.0630939       3.0707547
       3.0694003       3.0694207       3.0694372       3.0694510       3.0694637
       3.0694755       3.0694867       3.0694978       3.0695088       3.0695197
       3.0695304       3.0695410       3.0720657       3.0674322       3.1585748
       3.1663182       3.1663451       3.1663657       3.1663822       3.1663960
       3.1664084       3.1664199       3.1664311       3.1664420       3.1664525
       3.1689065       3.2500981       3.2573652       3.2573916       3.2574123
       3.2574290       3.2574432       3.2574553       3.2574671       3.2574786
       3.2574899       3.2575011       3.2575118       3.2575226       3.2598614
       3.2562762       3.3404272       3.3477115       3.3477378       3.3477580
       3.3477742       3.3477881       3.3478006       3.3478123       3.3478234
       3.3478342       3.3478451       3.3495716       3.3453027       3.4297040
       3.4370374       3.4370636       3.4370840       3.4371003       3.4371139
       3.4371264       3.4371382       3.4371492       3.4371602       3.4371712
       3.4395695       3.5167667       3.5239489       3.5239698       3.5239869
       3.5240025       3.5240174       3.5240321       3.5240461       3.5240602
       3.5240743       3.5240883       3.5241022       3.5963608       3.6078597
       3.6053370       3.6053563       3.6053738       3.6053903       3.6054062
       3.6054216       3.6054365       3.6054511       3.6054653       3.6054793
       3.6828404       3.6904886       3.6905124       3.6905318       3.6931502
       3.6888724       3.6888886       3.6889042       3.6889193       3.6889341
       3.6889485       3.6889625       3.6889762       3.7690385       3.7709511
       3.7760961       3.7761155       3.7761331       3.7761499       3.7781527
       3.7735632       3.7735786       3.7735935       3.7736080       3.7736222
       3.7736361       3.7736496       3.7736626       3.7736754       3.8622694
       3.8696640       3.8696942       3.8697171       3.8707882       3.8673227
       3.8673363       3.8673489       3.8673609       3.8673724       3.8673838
       3.8673949       3.8674059       3.8674168       3.8674277       3.8674384
       3.9696776       3.9776953       3.9777258       3.9741142       3.9686451
       3.9686639       3.9686807       3.9686960       3.9687103       3.9687239
       3.9687369       3.9687495       4.1144681       4.1224639       4.1224802
       4.1224962       4.1225119       4.1225272       4.1225419       4.1225562
       4.1298504       4.1298662       4.1298813       4.1298955       4.1318626
       4.1279130       4.1279256       4.1279380       4.1279500       4.1279616
       4.1279730       4.1279842       4.1279951       4.1280057       4.1280161
       4.2362311       4.2406451       4.2406767       4.2407021       4.2407235
       4.2407421       4.2407585       4.2407735       4.2407873       4.2408003
       4.2408128       4.2408247       4.2334260       4.2265051       4.2265159
       4.3162660       4.3236328       4.3236608       4.3236820       4.3236989
       4.3237129       4.3237251       4.3237363       4.3237468       4.3237570
       4.3237668       4.3237765       4.4400135       4.4491871       4.4492200
       4.4492471       4.4458488       4.4406285       4.4406469       4.4406637
       4.4406796       4.4406947       4.4407092       4.4407234       4.4407373
       4.4227947       4.4161733       4.5376740       4.5376912       4.5377085
       4.5377254       4.5377419       4.5479727       4.5479941       4.5480138
       4.5480319       4.5302951       4.5237698       4.5237894       4.5238036
       4.5238174       4.5238307       4.5238436       4.5238562       4.5238685
       4.5753001       4.5753086       4.5512119       4.5426697       4.6254015
       4.6254277       4.6254480       4.6254668       4.6254842       4.6255009
       4.6255167       4.6255322       4.6255471       4.6255616       4.6002245
       4.5921836       4.6771879       4.6771979       4.6772076       4.6772172
       4.6525949       4.6435058       4.6772442       4.6772526       4.6772606
       4.6301969       4.6209584       4.6209657       4.6209728       4.6707326
       4.6707461       4.6707592       4.6788473       4.6683405       4.6683557
       4.7070544       4.6599947       4.6502274       4.6502392       4.6502508
       4.6502621       4.6502731       4.7169939       4.7170100       4.7170259
       4.7170414       4.7170565       4.7479073       4.7205433       4.7100712
       4.7100870       4.7101017       4.7101156       4.7101287       4.7189616
       4.7189921       4.7767994       4.7660128       4.7660265       4.7660398
       4.7660528       4.7643234       4.7542154       4.7542311       4.7542461
       4.7542602       4.7542736       4.7542862       4.7542981       4.7543093
       4.7776231       4.7995664       4.7995823       4.7995967       4.7996099
       4.7965291       4.7965453       4.7965593       4.7965717       4.7965826
       4.7965922       4.7966005       4.7966078       4.7966142       4.7966197
       4.8034032       4.8034073       4.8305231       4.8293510       4.8293697
       4.8293854       4.8293980       4.8294083       4.8294166       4.8294235
       4.8294294       4.8294347       4.8294395       4.8294439       4.8294479
       4.8294516       4.7642952       4.7558722       4.8568965       4.8223261
       4.8139004       4.8139018       4.8139026       4.8139027       4.8646071
       4.8646128       4.8646170       4.8646200       4.8646220       4.7970013
       4.7887095       4.7887086       4.7887084       4.7887072       4.8906386
       4.8980618       4.8980783       4.8980891       4.8980960       4.8980999
       4.8608374       4.8981019       4.8272171       4.8189743       4.8189635
       4.8189557       4.8189496       4.8189443       4.8189395       4.8189350
       4.9052529       4.9052473       4.9052439       4.9052422       4.8971309
       4.8566349       4.8485914       4.8485854       4.8485817       4.8297826
       4.8214780       4.8214710       4.8485709       4.8485685       4.8485660
       4.8485638       4.8563121       4.8563096       4.8563071       4.8563047
       4.8563023       4.8562999       4.7781773       4.8748272       4.8748279
       4.8748281       4.8748277       4.8748270       4.8748260       4.8748249
       4.8748238       4.8748228       4.9046494       4.9034075       4.9034204
       4.9034308       4.8875123       4.8794852       4.8794815       4.8794804
       4.8794801       4.8794800       4.8794798       4.8794793       4.8794788
       4.8271145       4.8193137       4.8193053       4.9303363       4.9368681
       4.9368868       4.9368999       4.9369092       4.9369156       4.9369201
       4.9369232       4.9369256       4.9369273       4.9369289       4.8594833
       4.8516624       4.8516549       4.8516502       4.8516468       4.9141353
       4.9141334       4.9141328       4.9141329       4.9141330       4.9141332
       4.9141333       4.9141333       4.8884015       4.8808251       4.8808198
       4.8808171       4.8808151       4.8808134       4.8808116       4.9835911
       4.9901220       4.9901421       4.9901567       4.9901680       4.9901772
       4.9161582       4.9089041       4.9089009       4.9088999       4.9088998
       4.9088999       4.9088999       4.9089000       4.9089002       4.9333324
       4.9333323       5.0194831       5.0195000       4.9459590       4.9389659
       4.9389651       4.9389657       4.9389663       4.9389666       4.9389664
       4.9389658       4.9389650       4.9389641       4.9389630       4.9389619
       4.9609382       4.9389581       4.9320996       4.9320898       4.9320862
       4.9320856       4.9320877       4.9320921       4.9320985       4.9321065
       4.9321155       4.9321253       4.9321353       4.9321454       4.8602586
       4.8535006       4.8535011       4.8535043       4.8535082       4.8535123
       4.9369757       4.9430560       4.9430743       4.9430847       4.9430926
       4.9430994       4.9431057       4.9431116       4.8627525       4.8554984
       4.8554937       4.8554923       4.9360060       4.9419959       4.9420138
       4.9420219       4.9420281       4.9420340       4.9420398       4.9420457
       4.9420517       4.9420577       4.8595119       4.8522649       4.8522554
       4.9346197       4.9408046       4.9408249       4.9408343       4.9408420
       4.9408495       4.9408569       4.9408642       4.9408715       4.9408786
       4.9408856       4.9367335       4.9356318       4.9356551       4.9356611
       4.9356660       4.9356726       4.9356801       4.9356884       4.9356971
       4.9357060       4.9357150       4.9357238       4.9357322       4.9428735
       4.9433211       4.9433694       4.9433834       4.9433897       4.9433946
       4.9433991       4.9434035       4.9434079       4.9434123       4.9434168
       4.9434212       4.9434253       4.8642819       5.0431348       5.0564312
       5.0565307       5.0565568       5.0565702       5.0345846       5.0267631
       4.9960360       4.9881808       4.9881654       4.9881554       4.9881483
       4.9814648       4.9746895       4.9746872       4.9746880       4.9746899
       4.9746923       4.9746946       4.9746968       4.9746990       4.9747012
       4.9747033       4.9747053       4.9014259       4.8947961       5.0095727
       5.0095637       5.0095587       5.0371520       5.0371567       5.0371586
       5.0371587       5.0371582       5.0371572       5.0371561       5.0371551
       5.0371542       4.9565259       4.9492966       4.9492863       4.9492795
       4.9492743       4.9492697       4.9492653       4.9492611       4.9492569
       4.9492528       4.9492489       5.0595888       4.9813120       4.9738490
       4.9738484       4.9738489       4.9738508       4.9738529       4.9738551
       4.9738569       4.9738583       5.0532049       5.0907373       5.0907791
       5.0907980       5.0908121       5.0859846       5.0859853       5.0032239
       4.9961704       4.9961588       4.9961525       4.9961494       4.9961479
       4.9961473       4.9961471       5.0693828       5.0800172       5.0094174
       5.0030274       5.0030232       5.0030226       5.0030257       5.0030314
       5.0030391       5.0030481       5.0030580       5.0030684       5.0030790
       5.0030896       5.0031001       5.0031105       4.9245531       4.9175200
       4.9175197       4.9175228       4.9175267       5.1149038       5.1279892
       5.1281095       5.1281448       5.0622656       5.0551923       5.0551742
       5.0551628       5.0473930       5.0402464       5.0402364       5.0402317
       5.0402301       5.0402301       5.0402310       5.0402323       5.0402338
       5.0402352       5.0402366       5.0402378       5.0402389       4.9612007
       4.9540663       4.9540570       4.9540516       5.1129714       5.1245544
       5.1246270       5.1246411       5.1246493       5.1246583       5.1246680
       5.1070348       5.0999808       5.0425546       5.0354191       5.0354194
       5.0354263       5.0354373       5.0354505       5.0354649       5.0354795
       5.0354941       5.0355081       5.0355214       5.0355339       4.9536322
       4.9464761       5.0134413       5.0191673       5.0192102       5.0192222
       5.0192356       5.0192499       5.0192671       5.0192857       5.0193053
       5.0193251       5.2191321       5.1523355       5.1448920       5.1448794
       5.1448726       5.1448698       5.1398821       5.1398839       5.1398904
       5.1398994       5.1399100       5.1399209       5.1399316       5.1399417
       5.1399514       5.0554646       5.0368955       5.0367021       5.0366818
       5.0366667       5.0366547       5.0505683       5.0505694       5.0505701
       5.0505705       5.1439810       5.1439821       5.1439820       5.1439816
       5.1439812       5.1439810       5.1439810       5.1439811       5.1439813
       5.1439816       5.1439820       5.1586716       5.1586774       5.1586836
       5.1586897       5.1586955       5.1587010       5.1540828       5.0720244
       5.0644690       5.0644556       5.0644487       5.0644457       5.0644451
       5.0644458       5.0644470       5.1901380       5.1983295       5.1983754
       5.1983979       5.1675933       5.1218458       5.1149340       5.1149340
       5.1149362       5.1149385       5.1149403       5.1591212       5.1591200
       5.1591191       5.1601793       5.1508940       5.1508879       5.1508879
       5.1508880       5.1585191       5.1585146       5.1585133       5.1585128
       5.1585123       5.2416284       5.2524887       5.2525434       5.2525585
       5.2164999       5.2097239       5.1103708       5.0952418       5.0952224
       5.0952094       5.0952003       5.0951939       5.0951898       5.0951871
       5.0951856       5.0951849       5.0951848       5.0951851       5.0951855
       5.0951861       5.0951866       5.2441679       5.2441736       5.2441764
       5.2441766       5.2441754       5.2441731       5.2981346       5.2981418
       5.2981488       5.2981557       5.2981629       5.2981704       5.2008847
       5.1931165       5.1931055       5.1931014       5.1931016       5.1931045
       5.1931092       5.1931148       5.1931208       5.1931270       5.1931330
       5.1931389       5.1118180       5.1047042       5.1046936       5.2141376
       5.5892028       5.5891970       5.5891899       5.5891812       5.5891703
       5.5891571       5.5891388       5.5890920       5.5817916       5.4637419
       5.4707586       5.5508037       5.5507990       5.5507936       5.5507872
       5.5507794       5.5507700       5.5507587       5.5507451       5.5507270
       5.5506863       5.5437550       5.4267869       5.4344178       5.5117607
       5.5117552       5.5117486       5.5117404       5.5117301       5.5117175
       5.5116989       5.5116528       5.5035330       5.3847138       5.3847226
       5.4353064       5.4681604       5.4681592       5.4681579       5.4681566
       5.4681554       5.4681542       5.4681532       5.4681523       5.4681520
       5.4681532       5.4681582       5.4753246       5.5568292       5.5568238
       5.5568180       5.5568116       5.5568040       5.5567937       5.5567792
       5.5567541       5.5566573       5.5431471       5.3546019       5.3563127
       5.4407016       5.4471052       5.4470980       5.4470906       5.4470827
       5.4470742       5.4470650       5.4470548       5.4470434       5.4470301
       5.4470127       5.4469830       5.4479663       5.5321018       5.5320962
       5.5320906       5.5320845       5.5320776       5.5320695       5.5320584
       5.5320417       5.5320098       5.5318952       5.5193624       5.3491764
       5.3672957       5.3672843       5.3672713       5.4342492       5.4410364
       5.4409641       5.4344615       5.4342227       5.4342160       5.4342098
       5.4342047       5.4342018       5.4342024       5.4342085       5.4419300
       5.5330490       5.5330323       5.5330080       5.5329653       5.5328204
       5.5199292       5.4301749       5.3367954       5.3367947       5.3367944
       5.3367950       5.3367968       5.3368010       5.3368089       5.4009570
       5.4009077       5.4282195       5.4282080       5.4281805       5.4281000
       5.4214361       5.3366491       5.3366484       5.3366487       5.3366509
       5.3773865       5.3772758       5.3652418       5.4284784       5.4284690
       5.4284560       5.4284334       5.4283737       5.4219626       5.3622112
       5.3622062       5.3622014       5.3621976       5.3621960       5.3691786
       5.4532156       5.4531115       5.4396489       5.4143609       5.4143564
       5.4143516       5.4143463       5.4143404       5.4143335       5.4143251
       5.4143136       5.4142969       5.4142646       5.4141397       5.4012672
       5.3262764       5.3262721       5.3262677       5.3262631       5.3262583
       5.3262532       5.3262477       5.3262418       5.3262355       5.3262290
       5.3262227       5.3330041       5.4145204       5.4019159       5.3858384
       5.3858331       5.3858268       5.3858188       5.3858087       5.3857930
       5.3857640       5.3856746       5.3744166       5.2822329       5.2389855
       5.3002739       5.3002659       5.3002579       5.3286919       5.3286881
       5.3286830       5.3286758       5.3286643       5.3286418       5.3285751
       5.3211107       5.3000281       5.2952291       5.2569554       5.2170599
       5.2241730       5.3014996       5.3014977       5.3014953       5.3014922
       5.3014878       5.3014814       5.3014707       5.3014493       5.3013800
       5.2945095       5.2366791       5.1919463       5.1991742       5.2791532
       5.2791494       5.2791447       5.2791385       5.2791299       5.2791179
       5.2790979       5.2790471       5.2725137       5.1844485       5.2270840
       5.2199077       5.1843885       5.2455484       5.2455459       5.2455430
       5.2455394       5.2455349       5.2455288       5.2455189       5.2454977
       5.2454315       5.2391661       5.1755773       5.1755873       5.1756035
       5.2243533       5.2834239       5.2834034       5.2833225       5.2726518
       5.2243484       5.2243468       5.2243448       5.2243423       5.2243394
       5.2243367       5.2243294       5.2316452       5.3027863       5.1976564
       5.1976562       5.1976563       5.1976567       5.1976576       5.2356281
       5.2355630       5.2238846       5.1976760       5.1976900       5.2050222
       5.2918294       5.2918264       5.2918226       5.2918172       5.2918084
       5.2917889       5.2917309       5.2814356       5.2112865       5.2112831
       5.2112800       5.2112773       5.2112750       5.2112732       5.2112718
       5.2665111       5.2665014       5.2664908       5.2978101       5.2977800
       5.2976694       5.2856909       5.2663726       5.2591651       5.1462019
       5.1461967       5.1461937       5.1533670       5.2344651       5.2344474
       5.2344269       5.2344019       5.2343548       5.2268981       5.2043504
       5.2043491       5.2043496       5.2043513       5.2043532       5.2043535
       5.2043509       5.2043404       5.2042684       5.1924558       5.1594085
       5.1594005       5.1593926       5.1800694       5.1800620       5.1800527
       5.1800408       5.1800254       5.2464225       5.2464128       5.2463966
       5.2463195       5.2347751       5.1204111       5.1907894       5.1907855
       5.1907812       5.1907754       5.1907678       5.1907565       5.1907357
       5.1906697       5.1799485       5.1545079       5.1545081       5.1545083
       5.1545084       5.1545083       5.1545080       5.1545073       5.1545060
       5.1545038       5.1545007       5.1544969       5.1544930       5.1616819
       5.2362822       5.2249572       5.1457280       5.1490953       5.1490931
       5.1490907       5.1490881       5.1490853       5.1490822       5.1490785
       5.1490741       5.1490685       5.1490618       5.1638137       5.1638134
       5.1638127       5.1638107       5.2306082       5.1637951       5.1637481
       5.1518428       5.1234958       5.1234926       5.1234893       5.1234856
       5.1234814       5.1234763       5.1378968       5.1378944       5.1378920
       5.1378898       5.2077398       5.2013137       5.1378837       5.1378804
       5.1378688       5.1378184       5.1328577       5.0951543       5.0951505
       5.1321158       5.1321140       5.1321121       5.1321100       5.1321074
       5.1739057       5.1738777       5.1675173       5.1320861       5.1320761
       5.1320634       5.1320438       5.1327649       5.0979017       5.0979007
       5.1047007       5.1045990       5.0978981       5.1413134       5.1412963
       5.1412719       5.1349527       5.1000719       5.1000533       5.0978684
       5.1052131       5.1694696       5.0612047       5.0612054       5.0612061
       5.0612070       5.1101093       5.1100989       5.1100862       5.1100702
       5.1100469       5.1039310       5.0732352       5.0732173       5.1457645
       5.1457425       5.1391041       5.0860330       5.0729076       5.0826478
       5.0826406       5.0826316       5.0826201       5.0826053       5.0825838
       5.0764033       5.0475249       5.0475116       5.0474932       5.0419886
       5.1242748       5.1176230       5.0546356       5.0546305       5.0546240
       5.0546156       5.0546046       5.0545900       5.0545695       5.0480117
       5.0219499       5.0219408       5.0219285       5.0892605       5.0892514
       5.0892363       5.0826421       5.0217659       5.0217620       5.0217564
       5.0217482       5.0217364       5.0217195       5.0148119       5.0020424
       5.0020358       5.0546725       5.0546677       5.0546601       5.0546484
       5.0546297       5.0480362       4.9848775       4.9848664       4.9848488
       4.9774209       4.9701068       4.9701050       4.9701009       4.9700936
       5.0119959       5.0119911       5.0119842       5.0119744       5.0119602
       5.0119395       5.0054376       4.9346474       4.9346398       4.9346273
       4.9346081       4.9299137       4.9299074       4.9810790       4.9810765
       4.9810720       4.9810647       4.9810537       4.9993736       4.9810077
       4.9685626       4.8896482       4.8896444       4.8896398       4.8896344
       4.8896279       4.8896203       4.9383431       4.9383306       4.9503275
       4.9382993       4.9382789       4.9644284       4.9643988       4.9561985
       4.8887955       4.8887844       4.8887716       4.8887571       4.8976182
       4.9658327       4.9658086       4.9657792       4.9657351       4.9527491
       4.9055055       4.9202966       4.9202711       4.9202399       4.9115571
       4.8033710       4.8033636       4.8033550       4.8093687       4.8833225
       4.8833095       4.8832985       4.8832890       4.8832811       4.8832738
       4.8908496       4.8908185       4.8823425       4.8058963       4.8058867
       4.8058765       4.8058659       4.8165792       4.8830003       4.8829872
       4.8829728       4.8829564       4.8829376       4.8829155       4.8828889
       4.8828562       4.8734937       4.8502197       4.8501960       4.8501689
       4.8501370       4.8500987       4.8354180       4.8318687       4.8318566
       4.8318439       4.8318305       4.8318160       4.8318004       4.8317832
       4.8317638       4.8317417       4.8317156       4.8421899       4.8892917
       4.7843364       4.7843256       4.7843144       4.7843028       4.7842908
       4.7842784       4.7842653       4.7842517       4.7842372       4.7842215
       4.7932735       4.8221646       4.8221429       4.8221173       4.8220861
       4.8136328       4.7260237       4.7259861       4.7161460       4.7097560
       4.7179899       4.7434968       4.7434838       4.7434704       4.7434566
       4.7434420       4.7434265       4.7434095       4.7433905       4.7433689
       4.7433402       4.7508722       4.7627428       4.6628093       4.6627974
       4.6627852       4.6627728       4.6627602       4.6627473       4.6627340
       4.6627201       4.6627015       4.6695115       4.6873687       4.6873489
       4.6873260       4.6872990       4.6872659       4.6784160       4.6100488
       4.6100308       4.6100098       4.6099842       4.6099527       4.5950329
       4.5950184       4.5950027       4.5949853       4.5949655       4.5949426
       4.5949154       4.5948812       4.5912503       4.4859662       4.4859545
       4.4859425       4.4859301       4.4859173       4.4865357       4.4912953
       4.4912789       4.4912585       4.4912321       4.4902160       4.4918756
       4.5018311       4.4901149       4.4804101       4.4163320       4.4163146
       4.4162967       4.4162782       4.4162589       4.4162388       4.4162178
       4.4161958       4.4170616       4.4170362       4.4170058       4.4160974
       4.4160701       4.4160413       4.4160107       4.4243209       4.4137609
       4.3098907       4.3119692       4.3164001       4.3214434       4.3214275
       4.3214101       4.3213908       4.3213688       4.3213434       4.3213132
       4.3175760       4.3175430       4.3117646       4.3151526       4.3039979
       4.2247189       4.2220979       4.2220803       4.2220606       4.2220382
       4.2220120       4.2219805       4.2139144       4.1967363       4.1967186
       4.1966984       4.1966755       4.1966485       4.1966156       4.1863027
       4.1687426       4.1687188       4.1686924       4.1737916       4.1766308
       4.1674498       4.1194813       4.1194537       4.1113550       4.0767988
       4.0828194       4.0825349       4.0825158       4.0824942       4.0824693
       4.0824395       4.0736430       4.0342912       4.0257007       3.9684215
       3.9684099       3.9683966       3.9683805       3.9683605       3.9683343
       3.9603863       3.9270385       3.9270198       3.9269957       3.9198681
       3.9122526       3.9122388       3.9122241       3.9168388       3.9147088
       3.9146889       3.9146661       3.9146390       3.9146056       3.9015582
       3.8759579       3.8683230       3.7796840       3.7796733       3.7796623
       3.7845336       3.7820582       3.7820461       3.7820335       3.7820206
       3.7820072       3.7819936       3.7819797       3.7819655       3.7819512
       3.7819363       3.7819210       3.7819051       3.7818886       3.7818712
       3.7850692       3.7822508       3.7822298       3.7822069       3.7821815
       3.7821528       3.7821192       3.7819388       3.7638060       3.6694839
       3.6626954       3.5978509       3.5978350       3.5978174       3.5977960
       3.5909297       3.5834180       3.5834019       3.5833842       3.5833617
       3.5824922       3.5852654       3.5848052       3.5847871       3.5754894
       3.5765368       3.5765228       3.5765079       3.5764921       3.5764749
       3.5764557       3.5764339       3.5764084       3.5763777       3.5727895
       3.4812272       3.4738931       3.4678955       3.4678840       3.4678723
       3.4678605       3.4678484       3.4678359       3.4678227       3.4678079
       3.4677906       3.4677688       3.4677400       3.4598513       3.3920223
       3.3846407       3.3720506       3.3720381       3.3720252       3.3720118
       3.3719979       3.3719837       3.3719692       3.3719544       3.3719393
       3.3719240       3.3719082       3.3718920       3.3718752       3.3718579
       3.3718398       3.3775085       3.3749148       3.3748935       3.3748705
       3.3748449       3.3748159       3.3747814       3.3745733       3.3559889
       3.2081915       3.2114576       3.2110289       3.2038517       3.1518910
       3.1550580       3.1568591       3.1545578       3.1545317       3.1524762
       3.1524600       3.1524397       3.1524134       3.1449550       3.1232449
       3.1163591       3.0727690       3.0727424       3.0655247       3.0647513
       3.0622987       3.0622872       3.0622753       3.0622626       3.0696271
       3.0662811       3.0622111       3.0621846       3.0548476       2.9837265
       2.9771440       2.9771320       2.9771193       2.9771057       2.9770906
       2.9770730       2.9770514       2.9770232       2.9709781       2.9709508
       2.9638821       2.9442459       2.8954697       2.8954532       2.8954332
       2.8883288       2.8876026       2.8938446       2.8934116       2.8933944
       2.8933731       2.8862266       2.8785787       2.8715347       2.8715083
       2.8639302       2.8079130       2.8071161       2.8071031       2.8070892
       2.8070737       2.8070560       2.8070346       2.8070070       2.8050021
       2.7890258       2.7890020       2.7889714       2.7818852       2.7226765
       2.7213639       2.7213499       2.7213356       2.7213209       2.7213054
       2.7212882       2.7212668       2.7142120       2.6992050       2.6923410
       2.6876411       2.6876151       2.6801381       2.6392960       2.6392827
       2.6392691       2.6392553       2.6392412       2.6392264       2.6392103
       2.6391905       2.6327800       2.6067113       2.5960585       2.5960384
       2.6029194       2.5928070       2.5623537       2.5623370       2.5623163
       2.5622892       2.5552189       2.5353899       2.5353705       2.5286078
       2.5109912       2.5109739       2.5109526       2.5109246       2.5032502
       2.4722524       2.4700248       2.4700103       2.4699943       2.4699758
       2.4699535       2.4699254       2.4624108       2.4173584       2.4173438
       2.4173288       2.4173135       2.4172975       2.4172800       2.4172585
       2.4100805       2.3804705       2.3801645       2.3801438       2.3729039
       2.3584860       2.3363976       2.3363841       2.3363698       2.3363543
       2.3363351       2.3295355       2.2921741       2.2921599       2.2921453
       2.2921300       2.2921130       2.2920926       2.2854496       2.2524584
       2.2524440       2.2524274       2.2524071       2.2523813       2.2450308
       2.2149877       2.2149737       2.2149591       2.2149431       2.2149237
       2.2081311       2.1791768       2.1791598       2.1791396       2.1791140
       2.1712484       2.1634868       2.1556522       2.1346151       2.1346019
       2.1345882       2.1345732       2.1345548       2.1275188       2.0911111
       2.0910849       2.0838731       2.0671743       2.0671605       2.0671461
       2.0671310       2.0671142       2.0670938       2.0601829       2.0512099
       2.0511857       2.0440415       2.0058398       2.0032994       2.0032800
       1.9962357       1.9823616       1.9823476       1.9823328       1.9823162
       1.9822960       1.9753233       1.9619206       1.9618965       1.9544873
       1.9174371       1.9174110       1.9094955       1.8987756       1.8988750
       1.8988616       1.8988476       1.8988327       1.8988160       1.8987957
       1.8920932       1.8730889       1.8730635       1.8658001       1.8245322
       1.8245153       1.8244947       1.8172192       1.8200833       1.8169812
       1.8169655       1.8169464       1.8100245       1.7847595       1.7847453
       1.7847292       1.7847093       1.7774395       1.7374015       1.7311123
       1.7310991       1.7310845       1.7310677       1.7310477       1.7358781
       1.7265199       1.6969676       1.7005015       1.7002253       1.7002096
       1.7001907       1.6934123       1.6494409       1.6434872       1.6434739
       1.6434602       1.6434459       1.6434300       1.6477629       1.6376944
       1.6214029       1.6213883       1.6213722       1.6213528       1.6199304
       1.5645427       1.5645230       1.5572555       1.5560363       1.5560227
       1.5560084       1.5559926       1.5559735       1.5488857       1.5417214
       1.5417056       1.5416868       1.5346732       1.4827583       1.4827399
       1.4754325       1.4752964       1.4752833       1.4752697       1.4752553
       1.4752392       1.4752198       1.4682492       1.4633974       1.4633785
       1.4561078       1.4014295       1.4014103       1.3940691       1.3939860
       1.3939730       1.3939595       1.3939452       1.3939292       1.3939098
       1.3864604       1.3848724       1.3848535       1.3772626       1.3207427
       1.3203160       1.3130663       1.3070846       1.3070718       1.3070585
       1.3070443       1.3070286       1.3070094       1.3023791       1.3023639
       1.3023455       1.2945135       1.2392069       1.2391885       1.2365680
       1.2269879       1.2269747       1.2269608       1.2269461       1.2269297
       1.2269098       1.2190795       1.2203953       1.2178008       1.2177821
       1.2099708       1.1615151       1.1540044       1.1388847       1.1388716
       1.1388583       1.1435591       1.1407443       1.1407259       1.1335232
       1.1335092       1.1334937       1.1334752       1.1253952       1.0838302
       1.0759511       1.0539111       1.0538979       1.0538845       1.0538706
       1.0538560       1.0573610       1.0564457       1.0504411       1.0504259
       1.0504078       1.0422002       1.0034594      0.99532871      0.97000195
      0.96998819      0.96997417      0.97180744      0.96994427      0.96992728
      0.96990723      0.96856654      0.96855086      0.96853344      0.96851267
      0.96045262      0.91695413      0.88894044      0.88892522      0.88890928
      0.88889243      0.88887426      0.88885409      0.88882998      0.89220109
      0.88935512      0.88933592      0.88931291      0.88105721      0.84661924
      0.83831827      0.81012880      0.81052634      0.81033719      0.81032308
      0.81030966      0.81029687      0.81028229      0.81003547      0.81002464
      0.81001275      0.80516137      0.76909063      0.76744095      0.73711547
      0.73710577      0.73709648      0.73854158      0.73707951      0.73707184
      0.73706468      0.73705799      0.73705147      0.73704488      0.72861171
      0.69482902      0.69482392      0.68628053      0.66569101      0.66568376
      0.66567614      0.66566837      0.66566059      0.66565285      0.66564519
      0.66563722      0.66562887      0.66561839      0.65646291      0.62166467
      0.62166058      0.61298532      0.59165611      0.59165020      0.59164475
      0.59163980      0.59163532      0.59163132      0.59162776      0.59162461
      0.59162182      0.58397712      0.58397056      0.57396754      0.55124677
      0.54124484      0.51591705      0.51591637      0.51591593      0.51591568
      0.51591559      0.51591561      0.51591572      0.51591589      0.50579133
      0.50306789      0.49217370      0.46005028      0.46004964      0.44924793
      0.44203394      0.44203414      0.44203436      0.44657164      0.44561347
      0.44561374      0.44561414      0.43512519      0.42685613      0.42685639
      0.41658920      0.37841309      0.37841349      0.37841375      0.37583753
      0.37583768      0.37583784      0.37583801      0.37583819      0.36939691
      0.36139873      0.36139899      0.35160727      0.33518014      0.31601258
      0.31601268      0.31601284      0.31601292      0.31601307      0.31601325
      0.30676738      0.30874771      0.30676138      0.29806108      0.27958136
      0.27048095      0.26221450      0.26221459      0.26221463      0.26221466
      0.26221509      0.25379396      0.25226221      0.25226304      0.24382456
      0.23512662      0.23130693      0.23130696      0.23130700      0.23659373
      0.23392738      0.23392755      0.23393009      0.22538003      0.22090289
      0.22090463      0.21355303      0.20127558      0.20127573      0.20127586
      0.20127597      0.20127607      0.20127615      0.20127622      0.20591773
      0.20296321      0.20296782      0.19485172      0.18791935      0.17900241
      0.17900248      0.17900253      0.17900260      0.17900338      0.17231916
      0.17314973      0.17076322      0.17110518      0.16903026      0.16248426
      0.16222571      0.16222590      0.16222629      0.16222654      0.16222666
      0.16222689      0.16222709      0.16222758      0.16650723      0.16479166
      0.16479190      0.16479221      0.16479252      0.16479254      0.16479256
      0.15734453      0.14295029      0.14295034      0.14295040      0.14295049
      0.14295061      0.14295117      0.14295127      0.14295133      0.14295137
      0.14295140      0.14295144      0.14755375      0.13812206      0.13714290
      0.13714306      0.13714327      0.13714349      0.13714371      0.13714393
      0.13714414      0.13184672      0.13184680      0.13184688      0.13184695
      0.12533201      0.12671710      0.12829255      0.12625879      0.12625890
      0.12625901      0.12625909      0.12625914      0.12625916      0.12557363
      0.12557365      0.12557371      0.12557379      0.12479822      0.12479825
      0.12479830      0.12812665      0.12552660      0.12552660      0.12775476
      0.12552659      0.12552659      0.12552660      0.12552662      0.12552664
      0.12552666      0.12552669      0.12552672      0.12552673      0.12524949
      0.12524937      0.12524927      0.12524919      0.12524913      0.12524909
      0.12524906      0.12173597      0.12173599      0.12519074      0.12249314
      0.12249304      0.12249297      0.12249287      0.12249281      0.12249277
      0.12249279      0.12249285      0.12249289      0.12249292      0.12377982
      0.12249294      0.12249293      0.12249292      0.12249292      0.12754077
      0.12098026      0.12098027      0.12098027      0.12098024      0.12068154
      0.12068138      0.12068120      0.12068106      0.12068087      0.12198306
      0.12108720      0.12108720      0.12108720      0.12108724      0.12108725
      0.12571872      0.12108723      0.12120142      0.12120145      0.12120128
      0.12120121      0.12120119      0.12120125      0.12120156      0.12120140
      0.12120121      0.12120107      0.12443677      0.12136437      0.12516715
      0.12275659      0.12136414      0.12233890      0.12233897      0.12233911
      0.12233911      0.12233909      0.12233906      0.12233907      0.12361712
      0.12233900      0.12233893      0.12233889      0.12637100      0.12364367
      0.12393010      0.12375561      0.12375552      0.12375542      0.12375532
      0.12375523      0.12375515      0.12109277      0.12141921      0.12141921
      0.12141919      0.12579207      0.12296536      0.12141905      0.12141896
      0.12738597      0.12645596      0.12420957      0.12420957      0.12420941
      0.12248573      0.12248568      0.12248561      0.12248558      0.12248584
      0.12248564      0.12248561      0.12356566      0.12248551      0.12248538
      0.12665431      0.12443240      0.12641192      0.12360142      0.12360142
      0.12201509      0.12201509      0.12201530      0.12201525      0.12201496
      0.12201496      0.12201490      0.12201514      0.12302717      0.12478960
      0.12351967      0.12351977      0.12676470      0.12443414      0.12443398
      0.12566054      0.12443370      0.12352093      0.12131973      0.12139196
      0.12139185      0.12435636      0.12521538      0.12237700      0.12237700
      0.12237696      0.12237696      0.12154114      0.12154070      0.12843508
      0.12540273      0.12137205      0.12390578      0.12390533      0.12390521
      0.12390512      0.12390496      0.12526958      0.12390405      0.12390403
      0.12390397      0.12390386      0.12390369      0.12390332      0.12390310
      0.12500674      0.12446073      0.12446048      0.12446020      0.12445988
      0.12445974      0.12481451      0.12445953      0.12671741      0.12445914
      0.12445907      0.12445898      0.12226438      0.12340702      0.12340704
